time(s) ref_x(m) zmp_x(m) cog_x(m) ref_y(m) zmp_y(m) cog_y(m) vel_x(m) vel_y(m) acc_x(m) acc_y(m)
0 0 0 -0.130093 0 0 0.00429338 -0.00434062 0.027288 3.85521 -0.687733
0.01 0 -0.2362 -0.129937 0 0.0232218 0.00453136 0.0362677 0.0202548 4.26645 -0.718908
0.02 0 -0.247362 -0.129368 0 0.0243178 0.00469877 0.0768856 0.0133078 3.85713 -0.670498
0.03 0 -0.235527 -0.128414 0 0.0231528 0.00479918 0.113177 0.00686249 3.4011 -0.618557
0.04 0 -0.222022 -0.127119 0 0.0218237 0.00483768 0.145068 0.000915695 2.97708 -0.570801
0.05 0 -0.209057 -0.125526 0 0.0205478 0.00481901 0.172906 -0.00457702 2.59052 -0.527742
0.06 0 -0.196825 -0.123673 0 0.019344 0.0047475 0.197055 -0.00966151 2.23931 -0.489155
0.07 0 -0.185306 -0.121596 0 0.0182105 0.004627 0.217855 -0.0143811 1.92075 -0.454758
0.08 0 -0.17446 -0.119326 0 0.0171433 0.00446096 0.23562 -0.0187763 1.63224 -0.424287
0.09 0 -0.16425 -0.116893 0 0.0161386 0.00425243 0.250638 -0.0228852 1.3714 -0.397498
0.1 0 -0.154638 -0.114322 0 0.0151927 0.00400409 0.263175 -0.0267436 1.13601 -0.374168
0.11 0 -0.145588 -0.111637 0 0.0143023 0.00371828 0.273476 -0.0303849 0.924019 -0.354108
0.12 0 -0.137068 -0.108859 0 0.0134644 0.00339701 0.281763 -0.0338411 0.73352 -0.337121
0.13 0 -0.129047 -0.106007 0 0.0126756 0.00304197 0.288245 -0.0371419 0.562759 -0.32304
0.14 0 -0.121496 -0.103099 0 0.011933 0.00265459 0.293109 -0.0403156 0.410114 -0.311715
0.15 0 -0.114387 -0.10015 0 0.0112339 0.002236 0.29653 -0.0433893 0.274089 -0.303013
0.16 0 -0.107694 -0.097173 0 0.0105758 0.00178706 0.298667 -0.0463884 0.153305 -0.296815
0.17 0 -0.101392 -0.0941805 0 0.00995629 0.00130839 0.299666 -0.0493376 0.0464886 -0.293017
0.18 0 -0.09546 -0.091183 0 0.00937308 0.000800391 0.299661 -0.0522603 -0.0475341 -0.291527
0.19 0 -0.0898748 -0.0881902 0 0.00882407 0.000263199 0.298774 -0.0551793 -0.129844 -0.292268
0.2 0 -0.0846165 -0.0852101 0 0.00830726 -0.000303255 0.297117 -0.0581165 -0.201435 -0.295173
0.21 0 -0.079666 -0.0822501 0 0.00782077 -0.000899262 0.294794 -0.0610933 -0.263224 -0.300189
0.22 0 -0.0750054 -0.0793162 0 0.00736282 -0.00152532 0.291898 -0.0641306 -0.316051 -0.307274
0.23 0 -0.0706175 -0.0764137 0 0.00693176 -0.00218214 0.288514 -0.067249 -0.36069 -0.316396
0.24 0 -0.0664865 -0.0735472 0 0.00652601 -0.00287064 0.284721 -0.0704686 -0.397849 -0.327535
0.25 0 -0.0625973 -0.0707204 0 0.00614409 -0.00359192 0.280591 -0.0738097 -0.428177 -0.340681
0.26 0 -0.0589357 -0.0679363 0 0.00578463 -0.00434731 0.276189 -0.0772923 -0.45227 -0.355834
0.27 0 -0.0554885 -0.0651973 0 0.0054463 -0.00513831 0.271574 -0.0809365 -0.470672 -0.373005
0.28 0 -0.0522431 -0.0625054 0 0.00512788 -0.00596664 0.266802 -0.0847626 -0.483878 -0.392211
0.29 0 -0.0491876 -0.0598617 0 0.00482816 -0.00683423 0.261921 -0.088791 -0.492341 -0.413468
0.3 0 -0.046311 -0.0572672 0 0.00454562 -0.0077432 0.256976 -0.0930416 -0.496472 -0.436668
0.31 0 -0.0436028 -0.0547222 0 0.00427519 -0.00869585 0.252011 -0.0975273 -0.496644 -0.460468
0.32 0 -0.0410531 -0.0522269 0 0.00397758 -0.00969433 0.247062 -0.102188 -0.493196 -0.471754
0.33 0 -0.0386527 -0.0497808 0 0.00328973 -0.0107377 0.242164 -0.106278 -0.486432 -0.346073
0.34 0 -0.0363928 -0.0473833 0 -0.00121275 -0.0117938 0.237348 -0.10254 -0.476628 1.0936
0.35 0 -0.0342651 -0.0450335 -0.05 -0.0418929 -0.0127624 0.232645 -0.0909665 -0.464028 1.22108
0.36 0 -0.0322621 -0.04273 -0.05 -0.0463702 -0.0136111 0.228081 -0.0787941 -0.448851 1.2134
0.37 0 -0.0303763 -0.0404713 -0.05 -0.0470075 -0.0143387 0.22368 -0.066752 -0.431293 1.19502
0.38 0 -0.0286009 -0.0382558 -0.05 -0.0472292 -0.0149467 0.219466 -0.0548816 -0.411525 1.17906
0.39 0 -0.0269294 -0.0360813 -0.05 -0.0473979 -0.0154368 0.21546 -0.043152 -0.389694 1.16687
0.4 0 -0.0253558 -0.0339458 -0.05 -0.0475526 -0.0158101 0.211682 -0.0315247 -0.365931 1.15859
0.41 0 -0.0238743 -0.0318469 -0.05 -0.0476979 -0.0160675 0.20815 -0.0199607 -0.340344 1.15421
0.42 0 -0.0224796 -0.0297819 -0.05 -0.0478347 -0.0162094 0.204883 -0.00842093 -0.313026 1.15374
0.43 0 -0.0211665 -0.0277483 -0.05 -0.0479637 -0.0162359 0.201898 0.00313371 -0.28405 1.15719
0.44 0 -0.0199304 -0.025743 -0.05 -0.0480852 -0.0161466 0.19921 0.0147427 -0.253475 1.1646
0.45 0 -0.0187666 -0.023763 -0.05 -0.0481997 -0.0159407 0.196836 0.0264458 -0.221328 1.17604
0.46 0 -0.0176714 -0.0218051 -0.05 -0.0483087 -0.0156172 0.194791 0.0382837 -0.187651 1.19153
0.47 0 -0.0166404 -0.019866 -0.05 -0.0484116 -0.0151745 0.193091 0.0502971 -0.152461 1.21114
0.48 0 -0.0156698 -0.0179421 -0.05 -0.0485087 -0.0146105 0.19175 0.0625276 -0.115758 1.23496
0.49 0 -0.0147561 -0.0160298 -0.05 -0.0486002 -0.013923 0.190783 0.0750177 -0.0775284 1.26307
0.5 0 -0.013896 -0.0141252 -0.05 -0.0486865 -0.0131092 0.190207 0.0878111 -0.0377481 1.29561
0.51 0 -0.0130862 -0.0122243 -0.05 -0.048768 -0.0121657 0.190036 0.100953 0.00362083 1.33268
0.52 0 -0.0123239 -0.010323 -0.05 -0.0488449 -0.0110888 0.190288 0.114488 0.0466281 1.37444
0.53 0 -0.0116064 -0.00841708 -0.05 -0.0489176 -0.00987442 0.190977 0.128466 0.0913351 1.42106
0.54 0 -0.0109309 -0.00650196 -0.05 -0.0489862 -0.00851785 0.192123 0.142935 0.137815 1.4727
0.55 0 -0.010295 -0.00457303 -0.05 -0.049051 -0.00701392 0.193743 0.157946 0.186153 1.52957
0.56 0 -0.00969651 -0.00262546 -0.05 -0.0491123 -0.00535694 0.195856 0.173553 0.236446 1.59189
0.57 0 -0.00913314 -0.000654205 -0.05 -0.0491703 -0.00354068 0.198482 0.189812 0.288801 1.65987
0.58 0 -0.00860286 0.00134597 -0.05 -0.0492252 -0.00155834 0.201643 0.20678 0.34334 1.73379
0.59 0 -0.00810376 0.00338051 -0.05 -0.0492772 0.000597491 0.205361 0.224519 0.400194 1.81391
0.6 0 -0.00763401 0.00545511 -0.05 -0.0493266 0.00293482 0.209659 0.243091 0.459509 1.90053
0.61 0 -0.00719192 0.00757571 -0.05 -0.0493734 0.00546231 0.214564 0.262564 0.521441 1.99398
0.62 0 -0.00677587 0.0097485 -0.05 -0.0494179 0.00818932 0.220102 0.283006 0.586158 2.09459
0.63 0 -0.0063843 0.01198 -0.05 -0.04946 0.0111259 0.226302 0.304493 0.653826 2.2027
0.64 0 -0.00601526 0.0142768 -0.05 -0.0494987 0.0142829 0.233193 0.327098 0.724465 2.31824
0.65 0 -0.00566256 0.0166462 -0.05 -0.049522 0.0176718 0.240799 0.350876 0.796614 2.43748
0.66 0 -0.00527897 0.019095 -0.05 -0.049415 0.0213038 0.249055 0.37567 0.854693 2.52136
0.67 0 -0.00442869 0.0216265 -0.05 -0.0480913 0.0251812 0.257076 0.399261 0.749517 2.19678
0.68 0 0.000997607 0.0242067 -0.05 -0.0352807 0.0292126 0.256168 0.39991 -0.931183 -2.06704
0.69 0.06 0.0498356 0.0267201 0.1 0.0861036 0.0331029 0.246333 0.377618 -1.03582 -2.39126
0.7 0.06 0.0552289 0.0291326 0.1 0.0989175 0.0367609 0.23627 0.354129 -0.97665 -2.30669
0.71 0.06 0.0560129 0.0314477 0.1 0.100248 0.0401889 0.226873 0.331663 -0.902851 -2.18638
0.72 0.06 0.0562969 0.0336725 0.1 0.100365 0.0433982 0.218209 0.310384 -0.829983 -2.06942
0.73 0.06 0.0565161 0.0358143 0.1 0.100355 0.0464004 0.210261 0.290239 -0.759481 -1.95954
0.74 0.06 0.0567175 0.0378801 0.1 0.100333 0.0492065 0.203008 0.271158 -0.691292 -1.85678
0.75 0.06 0.0569065 0.0398767 0.1 0.100311 0.0518268 0.196425 0.25307 -0.625211 -1.76082
0.76 0.06 0.0570843 0.0418108 0.1 0.10029 0.054271 0.190494 0.235909 -0.561023 -1.6713
0.77 0.06 0.0572518 0.0436887 0.1 0.10027 0.0565479 0.185196 0.219613 -0.498518 -1.58791
0.78 0.06 0.0574094 0.0455167 0.1 0.100252 0.0586659 0.180516 0.204122 -0.437488 -1.51033
0.79 0.06 0.0575577 0.047301 0.1 0.100235 0.0606328 0.17644 0.189379 -0.377722 -1.43829
0.8 0.06 0.057697 0.0490475 0.1 0.100219 0.0624558 0.172956 0.17533 -0.31903 -1.37152
0.81 0.06 0.0578282 0.0507621 0.1 0.100204 0.0641416 0.170055 0.161923 -0.261217 -1.30977
0.82 0.06 0.0579516 0.0524505 0.1 0.10019 0.0656962 0.167729 0.14911 -0.204089 -1.25281
0.83 0.06 0.0580677 0.0541186 0.1 0.100177 0.0671256 0.165971 0.136844 -0.147454 -1.20044
0.84 0.06 0.0581769 0.0557718 0.1 0.100165 0.0684348 0.164778 0.12508 -0.0911197 -1.15246
0.85 0.06 0.0582797 0.057416 0.1 0.100154 0.0696287 0.164148 0.113774 -0.0348956 -1.1087
0.86 0.06 0.0583764 0.0590567 0.1 0.100143 0.0707117 0.164081 0.102885 0.0214104 -1.06899
0.87 0.06 0.0584674 0.0606995 0.1 0.100133 0.0716877 0.164578 0.0923745 0.077991 -1.03319
0.88 0.06 0.0585529 0.0623501 0.1 0.100124 0.0725603 0.165643 0.0822027 0.135041 -1.00117
0.89 0.06 0.0586334 0.0640143 0.1 0.100116 0.0733327 0.167282 0.0723327 0.192756 -0.972817
0.9 0.06 0.058709 0.0656977 0.1 0.100108 0.0740078 0.169502 0.0627285 0.251338 -0.948018
0.91 0.06 0.0587801 0.0674063 0.1 0.1001 0.0745881 0.172314 0.053355 0.310989 -0.926684
0.92 0.06 0.058847 0.069146 0.1 0.100093 0.0750756 0.175728 0.0441779 0.371917 -0.908738
0.93 0.06 0.0589097 0.0709229 0.1 0.100087 0.0754722 0.17976 0.0351637 0.434337 -0.894112
0.94 0.06 0.0589687 0.0727433 0.1 0.100081 0.0757793 0.184424 0.0262793 0.498466 -0.882755
0.95 0.06 0.059024 0.0746135 0.1 0.100075 0.0759981 0.189739 0.0174925 0.564532 -0.874609
0.96 0.06 0.059076 0.0765403 0.1 0.10007 0.0761294 0.195725 0.0087712 0.632765 -0.869656
0.97 0.06 0.0591247 0.0785303 0.1 0.100065 0.0761736 0.202406 8.36089e-05 0.703389 -0.867862
0.98 0.06 0.059171 0.0805908 0.1 0.10006 0.076131 0.209805 -0.00860107 0.776476 -0.869074
0.99 0.06 0.0592199 0.0827289 0.1 0.100051 0.0760015 0.217941 -0.0173059 0.850617 -0.871902
1 0.06 0.0593174 0.0849518 0.1 0.0999988 0.075785 0.226745 -0.0259814 0.910276 -0.863189
1.01 0.06 0.0598984 0.0872631 0.1 0.0995425 0.0754845 0.235328 -0.0338895 0.806307 -0.718439
1.02 0.06 0.0650711 0.0896287 0.1 0.095258 0.0751339 0.234992 -0.0337847 -0.873517 0.739413
1.03 0.12 0.11367 0.0919332 0.05 0.0547831 0.0748355 0.225736 -0.0256665 -0.977576 0.884222
1.04 0.12 0.118839 0.0941427 0.05 0.0504991 0.0746232 0.216258 -0.0167801 -0.918097 0.893056
1.05 0.12 0.119411 0.0962606 0.05 0.0500437 0.0745 0.207447 -0.00786278 -0.844226 0.890409
1.06 0.12 0.119496 0.098294 0.05 0.0499933 0.0744659 0.199368 0.00103646 -0.771496 0.88944
1.07 0.12 0.119528 0.10025 0.05 0.0499859 0.0745207 0.192004 0.00994135 -0.701318 0.891537
1.08 0.12 0.119553 0.102136 0.05 0.049983 0.0746648 0.185329 0.0188833 -0.633617 0.896857
1.09 0.12 0.119575 0.103959 0.05 0.0499807 0.0748986 0.17932 0.0278948 -0.568169 0.905435
1.1 0.12 0.119597 0.105725 0.05 0.0499784 0.075223 0.173956 0.0370085 -0.504739 0.917303
1.11 0.12 0.119617 0.10744 0.05 0.0499762 0.0756392 0.169216 0.0462575 -0.443101 0.932505
1.12 0.12 0.119636 0.109111 0.05 0.049974 0.0761488 0.165086 0.0556755 -0.383032 0.951098
1.13 0.12 0.119653 0.110744 0.05 0.0499718 0.0767534 0.161549 0.0652968 -0.324317 0.973148
1.14 0.12 0.11967 0.112344 0.05 0.0499696 0.0774555 0.158594 0.0751562 -0.266743 0.998736
1.15 0.12 0.119686 0.113918 0.05 0.0499673 0.0782575 0.15621 0.0852896 -0.210105 1.02796
1.16 0.12 0.1197 0.11547 0.05 0.0499651 0.0791623 0.154388 0.095734 -0.154197 1.06091
1.17 0.12 0.119714 0.117007 0.05 0.0499628 0.0801733 0.153123 0.106527 -0.0988178 1.09773
1.18 0.12 0.119727 0.118535 0.05 0.0499605 0.0812942 0.15241 0.117709 -0.0437682 1.13854
1.19 0.12 0.119739 0.120057 0.05 0.0499582 0.0825289 0.152247 0.129319 0.0111505 1.18349
1.2 0.12 0.119751 0.121581 0.05 0.0499558 0.0838821 0.152633 0.1414 0.0661368 1.23275
1.21 0.12 0.119761 0.123112 0.05 0.0499533 0.0853586 0.153571 0.153996 0.121389 1.28649
1.22 0.12 0.119771 0.124655 0.05 0.0499507 0.0869639 0.155063 0.167153 0.177107 1.34491
1.23 0.12 0.11978 0.126215 0.05 0.049948 0.0887037 0.157116 0.180919 0.233493 1.40822
1.24 0.12 0.119789 0.127799 0.05 0.0499453 0.0905845 0.159738 0.195343 0.290749 1.47666
1.25 0.12 0.119797 0.129412 0.05 0.0499424 0.092613 0.162937 0.210479 0.349084 1.55047
1.26 0.12 0.119804 0.13106 0.05 0.0499394 0.0947966 0.166726 0.226381 0.408709 1.62993
1.27 0.12 0.119811 0.132748 0.05 0.0499362 0.0971433 0.171119 0.243107 0.469839 1.71531
1.28 0.12 0.119817 0.134484 0.05 0.0499329 0.0996617 0.176131 0.260718 0.532697 1.80694
1.29 0.12 0.119823 0.136273 0.05 0.0499293 0.102361 0.181782 0.279279 0.597509 1.90515
1.3 0.12 0.119828 0.138122 0.05 0.0499256 0.105251 0.188092 0.298856 0.664509 2.01028
1.31 0.12 0.119833 0.140037 0.05 0.0499219 0.108342 0.195085 0.319521 0.733921 2.12268
1.32 0.12 0.119838 0.142026 0.05 0.0499193 0.111645 0.202783 0.341346 0.80582 2.2423
1.33 0.12 0.119847 0.144095 0.05 0.0499301 0.115173 0.211206 0.364384 0.878796 2.36542
1.34 0.12 0.119908 0.146252 0.05 0.0500692 0.118936 0.220287 0.388476 0.937314 2.45298
1.35 0.12 0.120455 0.1485 0.05 0.0514229 0.122938 0.229135 0.411401 0.83223 2.1319
1.36 0.12 0.125595 0.150805 0.05 0.064262 0.127088 0.229052 0.411417 -0.848685 -2.1286
1.37 0.18 0.174163 0.153051 0.2 0.185673 0.13109 0.22004 0.388526 -0.953809 -2.44966
1.38 0.18 0.179303 0.155205 0.2 0.198512 0.134854 0.210794 0.364467 -0.895371 -2.36209
1.39 0.18 0.179848 0.15727 0.2 0.199866 0.138383 0.202204 0.341462 -0.822515 -2.23894
1.4 0.18 0.179908 0.159252 0.2 0.200005 0.141688 0.194338 0.319671 -0.750776 -2.11927
1.41 0.18 0.179915 0.161159 0.2 0.200016 0.14478 0.187176 0.29904 -0.681566 -2.00682
1.42 0.18 0.179917 0.162997 0.2 0.200014 0.147672 0.180694 0.279498 -0.614808 -1.90163
1.43 0.18 0.179919 0.164775 0.2 0.200011 0.150374 0.174869 0.260973 -0.55028 -1.80336
1.44 0.18 0.17992 0.166497 0.2 0.200007 0.152895 0.169679 0.243398 -0.487748 -1.71165
1.45 0.18 0.179921 0.16817 0.2 0.200004 0.155245 0.165105 0.226709 -0.426986 -1.62617
1.46 0.18 0.179922 0.169801 0.2 0.200001 0.157432 0.161131 0.210845 -0.367774 -1.54661
1.47 0.18 0.179923 0.171395 0.2 0.199999 0.159464 0.157743 0.195749 -0.309894 -1.47268
1.48 0.18 0.179924 0.172958 0.2 0.199997 0.161349 0.154928 0.181365 -0.253138 -1.40411
1.49 0.18 0.179925 0.174495 0.2 0.199994 0.163094 0.152676 0.167641 -0.197299 -1.34066
1.5 0.18 0.179926 0.176013 0.2 0.199992 0.164704 0.150978 0.154527 -0.142173 -1.28209
1.51 0.18 0.179926 0.177517 0.2 0.199991 0.166186 0.14983 0.141976 -0.0875612 -1.22818
1.52 0.18 0.179927 0.179012 0.2 0.199989 0.167545 0.149226 0.129941 -0.0332639 -1.17875
1.53 0.18 0.179927 0.180503 0.2 0.199988 0.168786 0.149164 0.118379 0.0209159 -1.1336
1.54 0.18 0.179927 0.181997 0.2 0.199986 0.169914 0.149644 0.107249 0.0751754 -1.09258
1.55 0.18 0.179928 0.183498 0.2 0.199985 0.170933 0.150669 0.0965079 0.129712 -1.05554
1.56 0.18 0.179928 0.185012 0.2 0.199984 0.171845 0.152241 0.0861185 0.184724 -1.02235
1.57 0.18 0.179928 0.186544 0.2 0.199983 0.172656 0.154367 0.0760424 0.240411 -0.992871
1.58 0.18 0.179928 0.188101 0.2 0.199983 0.173367 0.157053 0.066243 0.296976 -0.96701
1.59 0.18 0.179927 0.189687 0.2 0.199982 0.173982 0.160311 0.0566846 0.354625 -0.94467
1.6 0.18 0.179927 0.191309 0.2 0.199982 0.174502 0.164152 0.0473324 0.413567 -0.925768
1.61 0.18 0.179927 0.192972 0.2 0.199981 0.174929 0.16859 0.0381524 0.474017 -0.910236
1.62 0.18 0.179926 0.194683 0.2 0.199981 0.175265 0.173641 0.0291111 0.536195 -0.898018
1.63 0.18 0.179925 0.196447 0.2 0.199981 0.175512 0.179324 0.0201757 0.600327 -0.889069
1.64 0.18 0.179925 0.198272 0.2 0.199981 0.175669 0.185659 0.0113135 0.666644 -0.883355
1.65 0.18 0.179924 0.200163 0.2 0.199981 0.175738 0.192669 0.00249258 0.735369 -0.880839
1.66 0.18 0.179923 0.202127 0.2 0.199981 0.175719 0.200379 -0.00631844 0.806576 -0.881365
1.67 0.18 0.179928 0.204173 0.2 0.199977 0.175611 0.208806 -0.015143 0.878851 -0.883542
1.68 0.18 0.179984 0.206306 0.2 0.199929 0.175416 0.217883 -0.0239317 0.936658 -0.874212
1.69 0.18 0.180526 0.20853 0.2 0.199477 0.175135 0.226721 -0.0319472 0.830851 -0.728877
1.7 0.18 0.185662 0.21081 0.2 0.195196 0.174804 0.226621 -0.0319439 -0.8508 0.729531
1.71 0.24 0.234227 0.213032 0.15 0.154725 0.174523 0.217584 -0.0239219 -0.956677 0.874868
1.72 0.24 0.239363 0.215161 0.15 0.150444 0.174328 0.208305 -0.0151266 -0.89901 0.884203
1.73 0.24 0.239905 0.217201 0.15 0.149992 0.174221 0.199676 -0.00629539 -0.826946 0.882032
1.74 0.24 0.239961 0.219157 0.15 0.149945 0.174202 0.191761 0.00252234 -0.756022 0.881514
1.75 0.24 0.239965 0.221038 0.15 0.14994 0.174271 0.184542 0.0113501 -0.687652 0.884041
1.76 0.24 0.239964 0.22285 0.15 0.14994 0.174429 0.177995 0.0202192 -0.621763 0.889768
1.77 0.24 0.239963 0.2246 0.15 0.14994 0.174676 0.172096 0.0291617 -0.558135 0.898732
1.78 0.24 0.239962 0.226294 0.15 0.14994 0.175013 0.166822 0.0382102 -0.496538 0.910968
1.79 0.24 0.23996 0.227939 0.15 0.14994 0.175441 0.162156 0.0473976 -0.436747 0.92652
1.8 0.24 0.239959 0.229539 0.15 0.14994 0.175961 0.15808 0.0567574 -0.378546 0.945444
1.81 0.24 0.239958 0.231102 0.15 0.14994 0.176576 0.154578 0.0663237 -0.321722 0.96781
1.82 0.24 0.239957 0.232633 0.15 0.14994 0.177289 0.151639 0.0761312 -0.266069 0.993698
1.83 0.24 0.239956 0.234137 0.15 0.149939 0.1781 0.149252 0.0862157 -0.211383 1.0232
1.84 0.24 0.239955 0.23562 0.15 0.149938 0.179014 0.147408 0.0966139 -0.157467 1.05643
1.85 0.24 0.239954 0.237087 0.15 0.149938 0.180033 0.1461 0.107364 -0.104123 1.09351
1.86 0.24 0.239952 0.238543 0.15 0.149937 0.181162 0.145323 0.118504 -0.0511574 1.13457
1.87 0.24 0.239951 0.239995 0.15 0.149936 0.182405 0.145076 0.130076 0.00162232 1.17975
1.88 0.24 0.23995 0.241447 0.15 0.149935 0.183766 0.145356 0.142121 0.0544084 1.22923
1.89 0.24 0.239949 0.242904 0.15 0.149934 0.185249 0.146165 0.154683 0.107393 1.28319
1.9 0.24 0.239948 0.244372 0.15 0.149932 0.186861 0.147506 0.167808 0.160769 1.34181
1.91 0.24 0.239947 0.245856 0.15 0.14993 0.188607 0.149383 0.181543 0.214731 1.40532
1.92 0.24 0.239946 0.247361 0.15 0.149929 0.190494 0.151804 0.19594 0.269475 1.47395
1.93 0.24 0.239944 0.248894 0.15 0.149927 0.192528 0.154778 0.211049 0.325201 1.54794
1.94 0.24 0.239943 0.250459 0.15 0.149925 0.194718 0.158314 0.226927 0.38211 1.62757
1.95 0.24 0.239942 0.252062 0.15 0.149922 0.19707 0.162427 0.24363 0.440412 1.71312
1.96 0.24 0.23994 0.253709 0.15 0.14992 0.199593 0.16713 0.26122 0.500317 1.8049
1.97 0.24 0.239939 0.255406 0.15 0.149917 0.202297 0.172442 0.279761 0.562043 1.90326
1.98 0.24 0.239937 0.25716 0.15 0.149914 0.205192 0.178382 0.29932 0.625814 2.00854
1.99 0.24 0.239936 0.258976 0.15 0.149911 0.208287 0.18497 0.319968 0.691843 2.12108
2 0.24 0.239935 0.260862 0.15 0.149909 0.211595 0.19223 0.341778 0.760193 2.24085
2.01 0.24 0.239939 0.262823 0.15 0.14992 0.215127 0.200178 0.364802 0.829442 2.3641
2.02 0.24 0.239994 0.264867 0.15 0.15006 0.218895 0.208746 0.388882 0.884042 2.45179
2.03 0.24 0.240536 0.266997 0.15 0.151414 0.222901 0.21704 0.411795 0.774835 2.13084
2.04 0.24 0.245671 0.269178 0.15 0.164254 0.227054 0.216362 0.411802 -0.910422 -2.12953
2.05 0.3 0.294236 0.271294 0.3 0.285665 0.23106 0.206709 0.388902 -1.02012 -2.45048
2.06 0.3 0.299371 0.273311 0.3 0.298505 0.234828 0.196776 0.364835 -0.96651 -2.36278
2.07 0.3 0.299913 0.275232 0.3 0.299859 0.238361 0.18745 0.341824 -0.898747 -2.23951
2.08 0.3 0.299968 0.277063 0.3 0.299999 0.241669 0.178794 0.320028 -0.832387 -2.11973
2.09 0.3 0.299972 0.27881 0.3 0.30001 0.244765 0.170788 0.299393 -0.768859 -2.00716
2.1 0.3 0.299971 0.280481 0.3 0.300008 0.24766 0.163403 0.279848 -0.708109 -1.90185
2.11 0.3 0.29997 0.28208 0.3 0.300005 0.250365 0.156613 0.261322 -0.649935 -1.80346
2.12 0.3 0.299968 0.283615 0.3 0.300002 0.25289 0.150393 0.243746 -0.594126 -1.71163
2.13 0.3 0.299967 0.28509 0.3 0.299999 0.255243 0.14472 0.227058 -0.54048 -1.62603
2.14 0.3 0.299965 0.286511 0.3 0.299997 0.257434 0.139573 0.211196 -0.488801 -1.54636
2.15 0.3 0.299964 0.287883 0.3 0.299994 0.25947 0.134935 0.196103 -0.438901 -1.47231
2.16 0.3 0.299963 0.289211 0.3 0.299992 0.261358 0.130787 0.181723 -0.390599 -1.40362
2.17 0.3 0.299962 0.2905 0.3 0.29999 0.263106 0.127116 0.168005 -0.343719 -1.34004
2.18 0.3 0.29996 0.291755 0.3 0.299988 0.26472 0.123907 0.154898 -0.298089 -1.28134
2.19 0.3 0.299959 0.29298 0.3 0.299987 0.266206 0.121148 0.142354 -0.253545 -1.2273
2.2 0.3 0.299958 0.294179 0.3 0.299985 0.267569 0.118831 0.130329 -0.209923 -1.17773
2.21 0.3 0.299957 0.295358 0.3 0.299984 0.268814 0.116946 0.118778 -0.167065 -1.13245
2.22 0.3 0.299956 0.29652 0.3 0.299983 0.269946 0.115487 0.10766 -0.124815 -1.09129
2.23 0.3 0.299955 0.297669 0.3 0.299982 0.270969 0.114448 0.0969327 -0.0830192 -1.0541
2.24 0.3 0.299954 0.29881 0.3 0.299981 0.271886 0.113825 0.0865585 -0.0415253 -1.02075
2.25 0.3 0.299953 0.299947 0.3 0.29998 0.272701 0.113616 0.0764992 -0.000182237 -0.991114
2.26 0.3 0.299952 0.301084 0.3 0.29998 0.273417 0.113821 0.0667182 0.0411604 -0.965085
2.27 0.3 0.299951 0.302225 0.3 0.299979 0.274036 0.11444 0.0571799 0.0826533 -0.942569
2.28 0.3 0.29995 0.303374 0.3 0.299979 0.274561 0.115476 0.0478496 0.124447 -0.923485
2.29 0.3 0.299949 0.304536 0.3 0.299978 0.274994 0.116931 0.0386934 0.166695 -0.907761
2.3 0.3 0.299948 0.305714 0.3 0.299978 0.275336 0.118813 0.0296779 0.209549 -0.895342
2.31 0.3 0.299947 0.306913 0.3 0.299978 0.275588 0.121126 0.0207703 0.253167 -0.886182
2.32 0.3 0.299946 0.308138 0.3 0.299978 0.275751 0.123881 0.0119381 0.297705 -0.880246
2.33 0.3 0.299944 0.309393 0.3 0.299978 0.275827 0.127086 0.00314941 0.343313 -0.877496
2.34 0.3 0.299944 0.310681 0.3 0.299978 0.275814 0.130752 -0.00562695 0.39004 -0.877776
2.35 0.3 0.299946 0.312009 0.3 0.299973 0.275714 0.134887 -0.0144143 0.436941 -0.879693
2.36 0.3 0.299983 0.31338 0.3 0.299926 0.275526 0.13944 -0.0231632 0.473653 -0.870089
2.37 0.3 0.300344 0.314797 0.3 0.299474 0.275253 0.143812 -0.031136 0.40074 -0.724464
2.38 0.3 0.303768 0.316237 0.3 0.295193 0.27493 0.1422 -0.031087 -0.723294 0.73425
2.39 0.34 0.336144 0.317621 0.25 0.254721 0.274658 0.134596 -0.0230162 -0.797381 0.879911
2.4 0.34 0.339568 0.318928 0.25 0.250441 0.274472 0.126794 -0.0141687 -0.76302 0.889589
2.41 0.34 0.339929 0.320159 0.25 0.249988 0.274375 0.119381 -0.00528189 -0.719657 0.88778
2.42 0.34 0.339966 0.321317 0.25 0.249941 0.274367 0.112394 0.00359525 -0.677668 0.887647
2.43 0.34 0.339968 0.322408 0.25 0.249936 0.274447 0.105816 0.0124864 -0.638013 0.89058
2.44 0.34 0.339968 0.323435 0.25 0.249936 0.274617 0.0996223 0.021423 -0.600667 0.896739
2.45 0.34 0.339967 0.324401 0.25 0.249936 0.274876 0.0937915 0.0304375 -0.565507 0.906161
2.46 0.34 0.339966 0.325312 0.25 0.249936 0.275226 0.0883019 0.0395627 -0.532404 0.918881
2.47 0.34 0.339965 0.326169 0.25 0.249935 0.275668 0.0831337 0.0488318 -0.501239 0.934947
2.48 0.34 0.339964 0.326975 0.25 0.249935 0.276203 0.078268 0.0582786 -0.471899 0.954415
2.49 0.34 0.339963 0.327735 0.25 0.249935 0.276834 0.0736871 0.0679374 -0.444277 0.97734
2.5 0.34 0.339963 0.32845 0.25 0.249935 0.277563 0.0693744 0.0778424 -0.418271 1.00366
2.51 0.34 0.339962 0.329123 0.25 0.249939 0.278392 0.0653141 0.0880211 -0.393788 1.03207
2.52 0.34 0.339961 0.329757 0.25 0.249986 0.279324 0.0614915 0.098429 -0.370738 1.04952
2.53 0.34 0.339961 0.330354 0.25 0.250438 0.280359 0.0578926 0.108335 -0.349038 0.931603
2.54 0.34 0.33996 0.330916 0.25 0.254718 0.281465 0.0545044 0.110499 -0.328607 -0.49865
2.55 0.34 0.33996 0.331445 0.3 0.295189 0.282543 0.0513145 0.104931 -0.309373 -0.614992
2.56 0.34 0.339959 0.331942 0.3 0.299469 0.283562 0.0483113 0.0988843 -0.291265 -0.594386
2.57 0.34 0.339959 0.332411 0.3 0.299921 0.284521 0.0454839 0.0931063 -0.274217 -0.561219
2.58 0.34 0.339959 0.332853 0.3 0.299968 0.285425 0.0428219 0.0876575 -0.258166 -0.528537
2.59 0.34 0.339958 0.333268 0.3 0.299972 0.286276 0.0403158 0.0825268 -0.243056 -0.497615
2.6 0.34 0.339958 0.33366 0.3 0.299971 0.287076 0.0379564 0.0776963 -0.22883 -0.468486
2.61 0.34 0.339958 0.334028 0.3 0.299971 0.28783 0.0357351 0.0731485 -0.215436 -0.441062
2.62 0.34 0.339957 0.334375 0.3 0.29997 0.28854 0.0336438 0.068867 -0.202827 -0.415243
2.63 0.34 0.339957 0.334701 0.3 0.299969 0.289209 0.0316748 0.0648361 -0.190956 -0.390935
2.64 0.34 0.339957 0.335009 0.3 0.299968 0.289838 0.0298212 0.0610412 -0.179779 -0.368051
2.65 0.34 0.339957 0.335298 0.3 0.299968 0.29043 0.028076 0.0574684 -0.169257 -0.346506
2.66 0.34 0.339956 0.33557 0.3 0.299967 0.290988 0.026433 0.0541047 -0.159351 -0.326222
2.67 0.34 0.339956 0.335827 0.3 0.299966 0.291513 0.0248861 0.050938 -0.150024 -0.307126
2.68 0.34 0.339956 0.336068 0.3 0.299966 0.292007 0.0234297 0.0479566 -0.141244 -0.289148
2.69 0.34 0.339956 0.336296 0.3 0.299965 0.292473 0.0220586 0.0451498 -0.132977 -0.272223
2.7 0.34 0.339956 0.33651 0.3 0.299965 0.292911 0.0207678 0.0425072 -0.125195 -0.256288
2.71 0.34 0.339956 0.336711 0.3 0.299965 0.293323 0.0195525 0.0400194 -0.117867 -0.241286
2.72 0.34 0.339955 0.336901 0.3 0.299964 0.293712 0.0184083 0.0376771 -0.110969 -0.227163
2.73 0.34 0.339955 0.33708 0.3 0.299964 0.294077 0.0173311 0.035472 -0.104475 -0.213866
2.74 0.34 0.339955 0.337248 0.3 0.299964 0.294422 0.0163169 0.0333959 -0.0983604 -0.201347
2.75 0.34 0.339955 0.337406 0.3 0.299963 0.294746 0.0153621 0.0314413 -0.0926039 -0.189562
2.76 0.34 0.339955 0.337555 0.3 0.299963 0.295051 0.0144631 0.0296012 -0.0871844 -0.178466
2.77 0.34 0.339955 0.337696 0.3 0.299963 0.295338 0.0136168 0.0278688 -0.0820821 -0.16802
2.78 0.34 0.339955 0.337828 0.3 0.299962 0.295608 0.01282 0.0262377 -0.0772784 -0.158186
2.79 0.34 0.339955 0.337952 0.3 0.299962 0.295863 0.0120698 0.0247022 -0.0727558 -0.148927
2.8 0.34 0.339955 0.338069 0.3 0.299962 0.296103 0.0113635 0.0232565 -0.068498 -0.14021
2.81 0.34 0.339955 0.33818 0.3 0.299962 0.296329 0.0106986 0.0218954 -0.0644894 -0.132003
2.82 0.34 0.339955 0.338284 0.3 0.299962 0.296541 0.0100726 0.020614 -0.0607154 -0.124277
2.83 0.34 0.339955 0.338381 0.3 0.299961 0.296741 0.00948319 0.0194076 -0.0571623 -0.117003
2.84 0.34 0.339955 0.338473 0.3 0.299961 0.296929 0.0089283 0.0182718 -0.0538171 -0.110155
2.85 0.34 0.339955 0.33856 0.3 0.299961 0.297107 0.00840587 0.0172025 -0.0506677 -0.103708
2.86 0.34 0.339955 0.338642 0.3 0.299961 0.297274 0.00791402 0.0161958 -0.0477027 -0.0976378
2.87 0.34 0.339954 0.338718 0.3 0.299961 0.297431 0.00745095 0.015248 -0.0449111 -0.0919232
2.88 0.34 0.339954 0.338791 0.3 0.299961 0.297579 0.00701498 0.0143557 -0.042283 -0.0865431
2.89 0.34 0.339954 0.338859 0.3 0.299961 0.297718 0.00660452 0.0135156 -0.0398086 -0.0814779
2.9 0.34 0.339954 0.338923 0.3 0.299961 0.297849 0.00621808 0.0127246 -0.0374791 -0.0767093
2.91 0.34 0.339954 0.338983 0.3 0.299961 0.297973 0.00585426 0.01198 -0.0352859 -0.0722197
2.92 0.34 0.339954 0.33904 0.3 0.29996 0.298089 0.00551172 0.0112789 -0.0332211 -0.0679929
2.93 0.34 0.339954 0.339093 0.3 0.29996 0.298198 0.00518923 0.0106189 -0.0312771 -0.0640136
2.94 0.34 0.339954 0.339144 0.3 0.29996 0.298302 0.00488561 0.00999748 -0.0294469 -0.0602672
2.95 0.34 0.339954 0.339191 0.3 0.29996 0.298399 0.00459932 0.00941206 -0.0278107 -0.0568167
2.96 0.34 0.339957 0.339236 0.3 0.299962 0.29849 0.00432887 0.00886009 -0.0262798 -0.0535767
2.97 0.34 0.339959 0.339278 0.3 0.299964 0.298576 0.00407327 0.00833957 -0.0248401 -0.0505277
2.98 0.34 0.339962 0.339317 0.3 0.299967 0.298657 0.00383164 0.00784864 -0.0234858 -0.0476581
2.99 0.34 0.339964 0.339355 0.3 0.299968 0.298733 0.00360315 0.00738556 -0.0222122 -0.0449578
3 0.34 0.339966 0.339389 0.3 0.29997 0.298805 0.00338702 0.00694869 -0.0210148 -0.042417
3.01 0.34 0.339968 0.339422 0.3 0.299972 0.298872 0.00318249 0.00653647 -0.0198896 -0.0400269
3.02 0.34 0.33997 0.339453 0.3 0.299974 0.298935 0.00298888 0.00614744 -0.0188328 -0.0377788
3.03 0.34 0.339972 0.339482 0.3 0.299975 0.298995 0.00280552 0.00578022 -0.0178407 -0.0356648
3.04 0.34 0.339973 0.339509 0.3 0.299977 0.299051 0.00263176 0.00543351 -0.0169099 -0.0336775
3.05 0.34 0.339975 0.339535 0.3 0.299978 0.299104 0.00246703 0.00510608 -0.0160373 -0.0318097
3.06 0.34 0.339976 0.339559 0.3 0.299979 0.299153 0.00231074 0.00479675 -0.0152199 -0.0300549
3.07 0.34 0.339978 0.339581 0.3 0.29998 0.2992 0.00216237 0.00450444 -0.0144549 -0.0284069
3.08 0.34 0.339979 0.339602 0.3 0.299982 0.299243 0.00202139 0.00422811 -0.0137396 -0.0268597
3.09 0.34 0.33998 0.339622 0.3 0.299983 0.299284 0.00188734 0.00396677 -0.0130717 -0.0254079
3.1 0.34 0.339981 0.33964 0.3 0.299984 0.299323 0.00175973 0.0037195 -0.0124489 -0.0240463
3.11 0.34 0.339982 0.339657 0.3 0.299985 0.299359 0.00163815 0.00348542 -0.011869 -0.0227702
3.12 0.34 0.339983 0.339673 0.3 0.299985 0.299392 0.00152215 0.00326369 -0.0113301 -0.021575
3.13 0.34 0.339984 0.339687 0.3 0.299986 0.299424 0.00141135 0.00305354 -0.0108303 -0.0204564
3.14 0.34 0.339985 0.339701 0.3 0.299987 0.299454 0.00130536 0.0028542 -0.010368 -0.0194106
3.15 0.34 0.339986 0.339713 0.3 0.299988 0.299481 0.00120381 0.00266498 -0.00994155 -0.0184337
3.16 0.34 0.339987 0.339725 0.3 0.299989 0.299507 0.00110635 0.0024852 -0.00954953 -0.0175224
3.17 0.34 0.339988 0.339735 0.3 0.299989 0.299531 0.00101265 0.00231422 -0.00919061 -0.0166733
3.18 0.34 0.339988 0.339745 0.3 0.29999 0.299553 0.000922381 0.00215144 -0.00886358 -0.0158836
3.19 0.34 0.339989 0.339754 0.3 0.29999 0.299574 0.000835226 0.00199627 -0.00856735 -0.0151503
3.2 0.34 0.33999 0.339762 0.3 0.299991 0.299593 0.000750885 0.00184816 -0.00830092 -0.014471
3.21 0.34 0.33999 0.339769 0.3 0.299991 0.299611 0.000669064 0.00170659 -0.00806339 -0.0138432
3.22 0.34 0.339991 0.339775 0.3 0.299992 0.299627 0.000589477 0.00157105 -0.00785398 -0.0132647
3.23 0.34 0.339991 0.339781 0.3 0.299992 0.299642 0.000511847 0.00144106 -0.007672 -0.0127334
3.24 0.34 0.339992 0.339785 0.3 0.299993 0.299656 0.000435903 0.00131615 -0.00751685 -0.0122475
3.25 0.34 0.339992 0.339789 0.3 0.299993 0.299669 0.000361378 0.00119589 -0.00738803 -0.0118052
3.26 0.34 0.339993 0.339793 0.3 0.299994 0.29968 0.000288012 0.00107984 -0.00728512 -0.0114051
3.27 0.34 0.339993 0.339795 0.3 0.299994 0.29969 0.000215548 0.000967585 -0.00720782 -0.0110456
3.28 0.34 0.339994 0.339797 0.3 0.299994 0.299699 0.000143729 0.000858729 -0.00715588 -0.0107256
3.29 0.34 0.339994 0.339798 0.3 0.299995 0.299708 7.23039e-05 0.000752882 -0.00712917 -0.0104439
3.3 0.34 0.339994 0.339798 0.3 0.299995 0.299715 1.0199e-06 0.000649665 -0.00712763 -0.0101995
3.31 0.34 0.339995 0.339798 0.3 0.299995 0.299721 -7.03748e-05 0.000548711 -0.00715131 -0.00999153
3.32 0.34 0.339995 0.339797 0.3 0.299996 0.299726 -0.000142133 0.000449656 -0.00720033 -0.00981934
3.33 0.34 0.339995 0.339795 0.3 0.299996 0.29973 -0.000214509 0.000352148 -0.0072749 -0.00968232
3.34 0.34 0.339995 0.339793 0.3 0.299996 0.299733 -0.00028776 0.000255836 -0.00737534 -0.00957999
3.35 0.34 0.339996 0.339789 0.3 0.299996 0.299735 -0.000362147 0.000160376 -0.00750204 -0.009512
3.36 0.34 0.339996 0.339785 0.3 0.299996 0.299736 -0.000437935 6.54256e-05 -0.0076555 -0.00947815
3.37 0.34 0.339996 0.339781 0.3 0.299997 0.299736 -0.000515394 -2.93567e-05 -0.0078363 -0.00947832
3.38 0.34 0.339996 0.339775 0.3 0.299997 0.299735 -0.000594801 -0.000124311 -0.00804512 -0.00951255
3.39 0.34 0.339997 0.339769 0.3 0.299997 0.299733 -0.000676441 -0.000219779 -0.00828276 -0.00958099
3.4 0.34 0.339997 0.339762 0.3 0.299997 0.299731 -0.000760605 -0.000316103 -0.0085501 -0.00968389
3.41 0.34 0.339997 0.339754 0.3 0.299997 0.299727 -0.000847596 -0.000413631 -0.00884814 -0.00982167
3.42 0.34 0.339997 0.339745 0.3 0.299997 0.299723 -0.000937727 -0.000512714 -0.00917799 -0.00999484
3.43 0.34 0.339997 0.339735 0.3 0.299998 0.299717 -0.00103132 -0.000613708 -0.00954086 -0.010204
3.44 0.34 0.339997 0.339724 0.3 0.299998 0.29971 -0.00112872 -0.000716978 -0.00993809 -0.0104501
3.45 0.34 0.339998 0.339712 0.3 0.299998 0.299703 -0.00123026 -0.000822898 -0.0103711 -0.0107338
3.46 0.34 0.339998 0.339699 0.3 0.299998 0.299694 -0.00133633 -0.000931848 -0.0108416 -0.0110563
3.47 0.34 0.339998 0.339686 0.3 0.299998 0.299684 -0.00144729 -0.00104422 -0.0113512 -0.0114188
3.48 0.34 0.339998 0.33967 0.3 0.299998 0.299673 -0.00156356 -0.00116043 -0.0119019 -0.0118226
3.49 0.34 0.339998 0.339654 0.3 0.299998 0.299661 -0.00168554 -0.00128089 -0.0124956 -0.0122691
3.5 0.34 0.339998 0.339637 0.3 0.299998 0.299647 -0.00181369 -0.00140603 -0.0131344 -0.01276
3.51 0.34 0.339998 0.339618 0.3 0.299998 0.299633 -0.00194847 -0.00153632 -0.0138208 -0.0132972
3.52 0.34 0.339998 0.339598 0.3 0.299999 0.299616 -0.00209036 -0.00167222 -0.0145573 -0.0138825
3.53 0.34 0.339998 0.339576 0.3 0.299999 0.299599 -0.00223988 -0.00181422 -0.0153465 -0.0145181
3.54 0.34 0.339998 0.339553 0.3 0.299999 0.29958 -0.00239757 -0.00196285 -0.0161913 -0.0152064
