time(s) ref_x(m) zmp_x(m) cog_x(m) ref_y(m) zmp_y(m) cog_y(m) vel_x(m) vel_y(m) acc_x(m) acc_y(m)
0 0 0 0.330831 -0.05 -0.05 0.0955238 0.00913682 0.212696 -10.1844 -5.50728
0.01 0 0.611136 0.330395 -0.05 0.2471 0.097368 -0.0980331 0.155409 -11.2496 -5.9503
0.02 0 0.640016 0.32887 -0.05 0.261138 0.0986343 -0.205243 0.0988405 -10.1924 -5.36331
0.03 0 0.609394 0.326327 -0.05 0.246248 0.0993653 -0.30128 0.0484268 -9.01507 -4.71942
0.04 0 0.574449 0.322882 -0.05 0.229258 0.0996236 -0.385962 0.00424264 -7.9214 -4.11742
0.05 0 0.540902 0.318643 -0.05 0.212947 0.0994694 -0.460196 -0.0341639 -6.92544 -3.56388
0.06 0 0.509252 0.31371 -0.05 0.197558 0.0989581 -0.524932 -0.0672629 -6.02176 -3.05593
0.07 0 0.479446 0.308173 -0.05 0.183066 0.0981404 -0.581058 -0.0954921 -5.20338 -2.58991
0.08 0 0.451385 0.302115 -0.05 0.169422 0.0970631 -0.629393 -0.119253 -4.46363 -2.16234
0.09 0 0.424967 0.295609 -0.05 0.156577 0.095769 -0.670693 -0.138915 -3.79634 -1.76997
0.1 0 0.400095 0.288722 -0.05 0.144484 0.0942973 -0.705654 -0.154813 -3.19578 -1.40976
0.11 0 0.376679 0.281515 -0.05 0.133098 0.0926842 -0.734916 -0.167257 -2.65668 -1.07891
0.12 0 0.354634 0.274041 -0.05 0.122379 0.0909628 -0.75907 -0.176525 -2.17415 -0.77479
0.13 0 0.33388 0.266348 -0.05 0.112287 0.0891635 -0.778659 -0.182874 -1.7437 -0.49496
0.14 0 0.31434 0.258481 -0.05 0.102786 0.0873143 -0.794184 -0.186535 -1.36117 -0.237144
0.15 0 0.295944 0.250477 -0.05 0.0938412 0.085441 -0.806103 -0.187716 -1.02274 0.000776844
0.16 0 0.278626 0.24237 -0.05 0.0854197 0.0835676 -0.814841 -0.186609 -0.724892 0.220784
0.17 0 0.262321 0.234189 -0.05 0.077491 0.0817159 -0.820788 -0.183381 -0.464379 0.424725
0.18 0 0.24697 0.225962 -0.05 0.0700262 0.0799065 -0.824301 -0.178186 -0.238224 0.614331
0.19 0 0.232519 0.21771 -0.05 0.0629983 0.0781583 -0.82571 -0.171158 -0.0436936 0.791221
0.2 0 0.218913 0.209454 -0.05 0.0563816 0.0764891 -0.82532 -0.162417 0.121721 0.956912
0.21 0 0.206104 0.201209 -0.05 0.050152 0.0749153 -0.82341 -0.152069 0.260315 1.11283
0.22 0 0.194044 0.19299 -0.05 0.0442869 0.0734527 -0.820238 -0.140203 0.374188 1.26033
0.23 0 0.182691 0.184808 -0.05 0.0387649 0.0721161 -0.81604 -0.126898 0.465257 1.40066
0.24 0 0.172002 0.176672 -0.05 0.0335658 0.0709194 -0.811038 -0.112219 0.535267 1.53503
0.25 0 0.161939 0.168589 -0.05 0.0286709 0.0698761 -0.805432 -0.0962215 0.585803 1.66457
0.26 0 0.152466 0.160564 -0.05 0.0240621 0.0689992 -0.799412 -0.0789467 0.618304 1.79037
0.27 0 0.143547 0.152601 -0.05 0.0197229 0.0683013 -0.79315 -0.0604276 0.634067 1.91346
0.28 0 0.13515 0.144702 -0.05 0.0156373 0.0677947 -0.786808 -0.0406863 0.634263 2.03481
0.29 0 0.127245 0.136865 -0.05 0.0117907 0.0674916 -0.780537 -0.0197355 0.619957 2.15535
0.3 0 0.119802 0.12909 -0.05 0.00817005 0.067404 -0.774476 0.00241946 0.592258 2.27563
0.31 0 0.112789 0.121374 -0.05 0.00477187 0.067544 -0.768746 0.0257637 0.553664 2.39321
0.32 0 0.106136 0.113714 -0.05 0.00167571 0.0679227 -0.763375 0.0501164 0.520707 2.47734
0.33 0 0.0993826 0.106108 -0.05 -0.000260909 0.0685436 -0.757554 0.0736531 0.643446 2.23
0.34 0 0.0883988 0.0985932 -0.05 0.00716746 0.0693349 -0.742662 0.078938 2.33495 -1.17302
0.35 -0.06 0.0343286 0.0912851 0.07 0.10162 0.0700614 -0.718765 0.0659316 2.44435 -1.42826
0.36 -0.06 0.0240094 0.0842187 0.07 0.109371 0.0706504 -0.694621 0.0519903 2.38459 -1.36002
0.37 -0.06 0.0185877 0.0773904 0.07 0.108082 0.0711039 -0.67117 0.038858 2.30545 -1.26644
0.38 -0.06 0.0139375 0.0707926 0.07 0.10596 0.0714306 -0.648528 0.0266333 2.22305 -1.17849
0.39 -0.06 0.00960759 0.0644171 0.07 0.103866 0.0716393 -0.626716 0.0152463 2.13934 -1.09892
0.4 -0.06 0.00553617 0.0582555 0.07 0.101885 0.071738 -0.605746 0.00461413 2.05472 -1.02751
0.41 -0.06 0.00170358 0.0522993 0.07 0.100018 0.0717338 -0.585625 -0.00534254 1.96941 -0.96382
0.42 -0.06 -0.00190461 0.0465401 0.07 0.098261 0.0716332 -0.56636 -0.0146985 1.88358 -0.90737
0.43 -0.06 -0.00530161 0.0409692 0.07 0.0966067 0.0714416 -0.547955 -0.023524 1.79737 -0.857742
0.44 -0.06 -0.00849976 0.0355781 0.07 0.0950492 0.0711642 -0.530414 -0.0318855 1.71089 -0.81455
0.45 -0.06 -0.0115107 0.0303581 0.07 0.093583 0.0708053 -0.513738 -0.0398455 1.62423 -0.777441
0.46 -0.06 -0.0143454 0.0253005 0.07 0.0922027 0.0703685 -0.49793 -0.0474632 1.53743 -0.7461
0.47 -0.06 -0.0170141 0.0203966 0.07 0.0909033 0.069857 -0.48299 -0.0547949 1.45054 -0.720238
0.48 -0.06 -0.0195266 0.0156378 0.07 0.08968 0.0692733 -0.46892 -0.0618941 1.36358 -0.699602
0.49 -0.06 -0.0218921 0.0110153 0.07 0.0885285 0.0686197 -0.455719 -0.0688119 1.27655 -0.683963
0.5 -0.06 -0.024119 0.00652048 0.07 0.0874444 0.0678976 -0.443389 -0.0755973 1.18941 -0.673121
0.51 -0.06 -0.0262155 0.0021446 0.07 0.0864238 0.067108 -0.431931 -0.0822974 1.10213 -0.666902
0.52 -0.06 -0.0281893 -0.00212106 0.07 0.0854631 0.0662517 -0.421348 -0.0889577 1.01466 -0.665156
0.53 -0.06 -0.0300474 -0.00628527 0.07 0.0845588 0.0653289 -0.41164 -0.0956223 0.926918 -0.667756
0.54 -0.06 -0.0317968 -0.0103568 0.07 0.0837075 0.0643391 -0.402811 -0.102334 0.838822 -0.6746
0.55 -0.06 -0.0334436 -0.0143444 0.07 0.0829061 0.0632819 -0.394866 -0.109135 0.750268 -0.685607
0.56 -0.06 -0.034994 -0.0182571 0.07 0.0821518 0.062156 -0.387808 -0.116067 0.661139 -0.700717
0.57 -0.06 -0.0364535 -0.0221036 0.07 0.0814418 0.06096 -0.381646 -0.12317 0.571304 -0.71989
0.58 -0.06 -0.0378275 -0.025893 0.07 0.0807735 0.0596919 -0.376387 -0.130485 0.480618 -0.743109
0.59 -0.06 -0.039121 -0.0296344 0.07 0.0801444 0.0583494 -0.372039 -0.138052 0.388922 -0.770374
0.6 -0.06 -0.0403386 -0.0333368 0.07 0.0795524 0.0569299 -0.368614 -0.145913 0.296044 -0.801706
0.61 -0.06 -0.0414848 -0.0370098 0.07 0.0789952 0.0554301 -0.366125 -0.154107 0.201797 -0.837145
0.62 -0.06 -0.0425638 -0.0406625 0.07 0.0784708 0.0538465 -0.364586 -0.162676 0.105985 -0.876749
0.63 -0.06 -0.0435795 -0.0443047 0.07 0.0779772 0.0521752 -0.364014 -0.171663 0.00841024 -0.92057
0.64 -0.06 -0.0445362 -0.0479461 0.07 0.077512 0.0504117 -0.364427 -0.181108 -0.0909776 -0.968472
0.65 -0.06 -0.0454421 -0.0515966 0.07 0.0770669 0.0485514 -0.365836 -0.191042 -0.19075 -1.01834
0.66 -0.06 -0.0463466 -0.0552659 0.07 0.0765791 0.0465895 -0.368166 -0.20138 -0.275357 -1.04924
0.67 -0.06 -0.0476872 -0.05896 0.07 0.0754676 0.0445264 -0.370521 -0.210937 -0.195645 -0.862084
0.68 -0.06 -0.0535752 -0.0626473 0.07 0.0682535 0.042412 -0.364196 -0.208116 1.46062 1.42631
0.69 -0.12 -0.102848 -0.0662149 -0.01 0.00315569 0.0404053 -0.349184 -0.192914 1.54182 1.61401
0.7 -0.12 -0.10865 -0.069631 -0.01 -0.00401692 0.0385564 -0.334174 -0.176923 1.46019 1.58419
0.71 -0.12 -0.10982 -0.0729014 -0.01 -0.0050451 0.0368656 -0.320049 -0.161322 1.36487 1.53592
0.72 -0.12 -0.110466 -0.0760352 -0.01 -0.00540756 0.0353284 -0.306867 -0.146192 1.27138 1.49015
0.73 -0.12 -0.111027 -0.0790418 -0.01 -0.00568483 0.0339403 -0.294605 -0.131497 1.18114 1.44895
0.74 -0.12 -0.11155 -0.0819302 -0.01 -0.00593919 0.0326972 -0.283229 -0.117189 1.09406 1.41246
0.75 -0.12 -0.112042 -0.0847092 -0.01 -0.00617803 0.0315954 -0.272709 -0.103224 1.00991 1.3806
0.76 -0.12 -0.112505 -0.0873871 -0.01 -0.0064029 0.0306317 -0.263017 -0.0895546 0.928443 1.35329
0.77 -0.12 -0.112941 -0.0899722 -0.01 -0.00661471 0.0298034 -0.254128 -0.076136 0.849425 1.33044
0.78 -0.12 -0.113351 -0.0924723 -0.01 -0.00681422 0.0291083 -0.246018 -0.0629237 0.772621 1.31201
0.79 -0.12 -0.113737 -0.0948951 -0.01 -0.00700217 0.0285444 -0.238665 -0.0498739 0.697803 1.29796
0.8 -0.12 -0.114101 -0.0972481 -0.01 -0.00717923 0.0281104 -0.232053 -0.0369428 0.624747 1.28825
0.81 -0.12 -0.114443 -0.0995386 -0.01 -0.00734604 0.0278053 -0.226163 -0.0240872 0.553233 1.28288
0.82 -0.12 -0.114765 -0.101774 -0.01 -0.00750323 0.0276286 -0.220981 -0.0112636 0.483042 1.28184
0.83 -0.12 -0.115068 -0.103961 -0.01 -0.00765134 0.0275801 -0.216496 0.00157129 0.41396 1.28515
0.84 -0.12 -0.115354 -0.106106 -0.01 -0.00779094 0.0276602 -0.212698 0.0144612 0.345774 1.29284
0.85 -0.12 -0.115623 -0.108217 -0.01 -0.00792252 0.0278696 -0.209578 0.0274502 0.27827 1.30495
0.86 -0.12 -0.115876 -0.1103 -0.01 -0.00804656 0.0282096 -0.20713 0.0405827 0.211237 1.32156
0.87 -0.12 -0.116114 -0.112362 -0.01 -0.00816352 0.0286819 -0.205352 0.0539041 0.144462 1.34272
0.88 -0.12 -0.116338 -0.114409 -0.01 -0.00827381 0.0292885 -0.204241 0.0674605 0.077733 1.36854
0.89 -0.12 -0.116548 -0.116449 -0.01 -0.00837786 0.0300321 -0.203798 0.0812988 0.010834 1.39913
0.9 -0.12 -0.116747 -0.118487 -0.01 -0.00847602 0.0309156 -0.204026 0.0954674 -0.0564517 1.43459
0.91 -0.12 -0.116933 -0.120531 -0.01 -0.00856867 0.0319427 -0.20493 0.110016 -0.124344 1.47509
0.92 -0.12 -0.117109 -0.122588 -0.01 -0.00865614 0.0331173 -0.206517 0.124995 -0.193067 1.52077
0.93 -0.12 -0.117274 -0.124664 -0.01 -0.00873875 0.0344442 -0.208796 0.140458 -0.262849 1.57182
0.94 -0.12 -0.11743 -0.126766 -0.01 -0.0088168 0.0359283 -0.21178 0.156459 -0.333922 1.62842
0.95 -0.12 -0.117576 -0.128902 -0.01 -0.00889059 0.0375753 -0.215483 0.173055 -0.406526 1.6908
0.96 -0.12 -0.117713 -0.131078 -0.01 -0.00896036 0.0393916 -0.21992 0.190305 -0.480905 1.75918
0.97 -0.12 -0.117842 -0.133303 -0.01 -0.00902627 0.0413838 -0.225111 0.20827 -0.557293 1.83379
0.98 -0.12 -0.117965 -0.135583 -0.01 -0.00908753 0.0435596 -0.231076 0.227012 -0.635776 1.91456
0.99 -0.12 -0.118085 -0.137927 -0.01 -0.00913465 0.0459268 -0.23783 0.246577 -0.714952 1.99843
1 -0.12 -0.118249 -0.140342 -0.01 -0.00907589 0.0484934 -0.245301 0.26684 -0.779295 2.05413
1.01 -0.12 -0.118894 -0.142832 -0.01 -0.00804227 0.05126 -0.252596 0.286026 -0.67967 1.78315
1.02 -0.12 -0.124126 -0.145364 -0.01 0.00218249 0.0541524 -0.251013 0.286746 0.996146 -1.63918
1.03 -0.18 -0.172781 -0.147823 0.11 0.0992675 0.0569334 -0.24055 0.269001 1.09652 -1.90983
1.04 -0.18 -0.178003 -0.150175 0.11 0.109498 0.0595288 -0.229899 0.250184 1.03368 -1.85348
1.05 -0.18 -0.178625 -0.152423 0.11 0.110542 0.0619394 -0.219947 0.232074 0.956762 -1.76861
1.06 -0.18 -0.178756 -0.154576 0.11 0.110617 0.0641731 -0.210756 0.214798 0.881294 -1.68653
1.07 -0.18 -0.178832 -0.156641 0.11 0.110591 0.066238 -0.202307 0.198314 0.808683 -1.61026
1.08 -0.18 -0.178898 -0.158625 0.11 0.110557 0.0681418 -0.194569 0.182563 0.738852 -1.53989
1.09 -0.18 -0.17896 -0.160535 0.11 0.110524 0.0698916 -0.187517 0.167488 0.671573 -1.47518
1.1 -0.18 -0.179018 -0.162377 0.11 0.110493 0.0714937 -0.181126 0.153033 0.60661 -1.4159
1.11 -0.18 -0.179073 -0.164159 0.11 0.110463 0.0729541 -0.175374 0.139144 0.543736 -1.36184
1.12 -0.18 -0.179125 -0.165887 0.11 0.110436 0.0742783 -0.170242 0.125771 0.482727 -1.31279
1.13 -0.18 -0.179173 -0.167566 0.11 0.11041 0.0754711 -0.165711 0.112864 0.42337 -1.26857
1.14 -0.18 -0.179219 -0.169203 0.11 0.110386 0.0765369 -0.161767 0.100376 0.365453 -1.22901
1.15 -0.18 -0.179261 -0.170803 0.11 0.110363 0.0774798 -0.158396 0.0882613 0.308772 -1.19398
1.16 -0.18 -0.179302 -0.172373 0.11 0.110342 0.0783033 -0.155587 0.0764748 0.253126 -1.16333
1.17 -0.18 -0.17934 -0.173917 0.11 0.110322 0.0790103 -0.153329 0.0649733 0.198318 -1.13696
1.18 -0.18 -0.179375 -0.175441 0.11 0.110303 0.0796035 -0.151617 0.0537146 0.144152 -1.11477
1.19 -0.18 -0.179409 -0.176951 0.11 0.110285 0.0800853 -0.150444 0.0426574 0.0904372 -1.09667
1.2 -0.18 -0.17944 -0.178452 0.11 0.110269 0.0804572 -0.149807 0.031761 0.0369813 -1.0826
1.21 -0.18 -0.17947 -0.179949 0.11 0.110254 0.0807209 -0.149704 0.0209855 -0.016406 -1.0725
1.22 -0.18 -0.179498 -0.181448 0.11 0.110239 0.0808772 -0.150136 0.0102914 -0.0699151 -1.06633
1.23 -0.18 -0.179524 -0.182954 0.11 0.110226 0.0809268 -0.151104 -0.000360698 -0.123737 -1.06408
1.24 -0.18 -0.179548 -0.184472 0.11 0.110213 0.08087 -0.152613 -0.0110097 -0.178065 -1.06572
1.25 -0.18 -0.179571 -0.186008 0.11 0.110202 0.0807065 -0.154669 -0.0216947 -0.233093 -1.07127
1.26 -0.18 -0.179592 -0.187567 0.11 0.110191 0.0804359 -0.157279 -0.0324547 -0.289019 -1.08074
1.27 -0.18 -0.179612 -0.189155 0.11 0.110181 0.0800571 -0.160455 -0.0433293 -0.346042 -1.09417
1.28 -0.18 -0.179631 -0.190778 0.11 0.110172 0.0795688 -0.164207 -0.0543581 -0.404369 -1.1116
1.29 -0.18 -0.179649 -0.192441 0.11 0.110163 0.0789692 -0.16855 -0.0655816 -0.464209 -1.1331
1.3 -0.18 -0.179665 -0.194151 0.11 0.110155 0.0782563 -0.1735 -0.0770408 -0.525775 -1.15874
1.31 -0.18 -0.17968 -0.195913 0.11 0.110148 0.0774275 -0.179075 -0.0887774 -0.58927 -1.18858
1.32 -0.18 -0.179695 -0.197735 0.11 0.110141 0.0764797 -0.185295 -0.100833 -0.654748 -1.22251
1.33 -0.18 -0.179714 -0.199621 0.11 0.110127 0.0754097 -0.192172 -0.113238 -0.720772 -1.25841
1.34 -0.18 -0.179784 -0.20158 0.11 0.110045 0.0742141 -0.199635 -0.125906 -0.771781 -1.27535
1.35 -0.18 -0.180338 -0.203613 0.11 0.109315 0.0728946 -0.206787 -0.137654 -0.658604 -1.07424
1.36 -0.18 -0.185486 -0.205686 0.11 0.102461 0.0715027 -0.204925 -0.136885 1.03102 1.22811
1.37 -0.24 -0.234062 -0.207682 0.03 0.0377016 0.0701987 -0.194042 -0.123596 1.1455 1.42975
1.38 -0.24 -0.239209 -0.209565 0.03 0.0308478 0.0690339 -0.182829 -0.109377 1.0971 1.41389
1.39 -0.24 -0.239761 -0.21134 0.03 0.0301196 0.0680103 -0.172169 -0.09541 1.03501 1.3796
1.4 -0.24 -0.239826 -0.213011 0.03 0.0300396 0.0671246 -0.16212 -0.0817728 0.97479 1.34783
1.41 -0.24 -0.23984 -0.214584 0.03 0.0300283 0.0663738 -0.152656 -0.0684302 0.917903 1.3207
1.42 -0.24 -0.239848 -0.216066 0.03 0.0300243 0.0657552 -0.143745 -0.0553349 0.864318 1.29834
1.43 -0.24 -0.239854 -0.217461 0.03 0.0300211 0.0652665 -0.135354 -0.0424398 0.81386 1.28069
1.44 -0.24 -0.239861 -0.218775 0.03 0.030018 0.0649059 -0.127453 -0.0296978 0.766347 1.2677
1.45 -0.24 -0.239867 -0.220012 0.03 0.030015 0.0646722 -0.120014 -0.0170627 0.721608 1.25932
1.46 -0.24 -0.239872 -0.221176 0.03 0.030012 0.0645644 -0.113008 -0.00448851 0.679482 1.25551
1.47 -0.24 -0.239878 -0.222273 0.03 0.030009 0.0645823 -0.106412 0.00807039 0.639815 1.25627
1.48 -0.24 -0.239883 -0.223306 0.03 0.0300061 0.0647259 -0.1002 0.0206596 0.602464 1.26157
1.49 -0.24 -0.239887 -0.224278 0.03 0.0300037 0.0649958 -0.0943515 0.033324 0.567294 1.2713
1.5 -0.24 -0.239892 -0.225194 0.03 0.0300058 0.0653928 -0.0888441 0.0461009 0.534177 1.28409
1.51 -0.24 -0.239896 -0.226056 0.03 0.0300508 0.0659181 -0.0836583 0.0589556 0.502993 1.28683
1.52 -0.24 -0.2399 -0.226868 0.03 0.0305007 0.0665698 -0.0787751 0.071165 0.47363 1.15506
1.53 -0.24 -0.239904 -0.227633 0.03 0.0347791 0.0673151 -0.0741771 0.0754991 0.445982 -0.288236
1.54 -0.24 -0.239907 -0.228353 0.08 0.0752482 0.0680535 -0.0698474 0.0719737 0.419947 -0.41686
1.55 -0.24 -0.239911 -0.22903 0.08 0.0795268 0.0687526 -0.0657705 0.0678503 0.395433 -0.407818
1.56 -0.24 -0.239914 -0.229669 0.08 0.0799769 0.0694111 -0.0619316 0.0638835 0.37235 -0.385541
1.57 -0.24 -0.239917 -0.23027 0.08 0.0800223 0.070031 -0.0583168 0.0601402 0.350614 -0.363113
1.58 -0.24 -0.23992 -0.230836 0.08 0.0800249 0.0706146 -0.054913 0.0566154 0.330147 -0.341846
1.59 -0.24 -0.239922 -0.231369 0.08 0.0800232 0.071164 -0.0517079 0.0532971 0.310875 -0.32181
1.6 -0.24 -0.239925 -0.231871 0.08 0.0800212 0.0716812 -0.0486899 0.0501733 0.292729 -0.302947
1.61 -0.24 -0.239927 -0.232343 0.08 0.0800192 0.0721681 -0.045848 0.0472327 0.275641 -0.285189
1.62 -0.24 -0.23993 -0.232788 0.08 0.0800173 0.0726264 -0.043172 0.0444644 0.259551 -0.268472
1.63 -0.24 -0.239932 -0.233207 0.08 0.0800156 0.0730579 -0.0406523 0.0418583 0.244401 -0.252735
1.64 -0.24 -0.239934 -0.233602 0.08 0.0800139 0.0734641 -0.0382796 0.039405 0.230135 -0.237921
1.65 -0.24 -0.239936 -0.233973 0.08 0.0800124 0.0738465 -0.0360454 0.0370956 0.216702 -0.223975
1.66 -0.24 -0.239937 -0.234323 0.08 0.0800109 0.0742065 -0.0339417 0.0349215 0.204053 -0.210847
1.67 -0.24 -0.239939 -0.234652 0.08 0.0800096 0.0745453 -0.0319607 0.0328748 0.192142 -0.198488
1.68 -0.24 -0.239941 -0.234963 0.08 0.0800083 0.0748644 -0.0300953 0.0309481 0.180927 -0.186854
1.69 -0.24 -0.239942 -0.235255 0.08 0.0800071 0.0751647 -0.0283389 0.0291343 0.170366 -0.175902
1.7 -0.24 -0.239944 -0.23553 0.08 0.080006 0.0754474 -0.0266849 0.0274268 0.160422 -0.165591
1.71 -0.24 -0.239945 -0.235789 0.08 0.080005 0.0757135 -0.0251275 0.0258194 0.151058 -0.155886
1.72 -0.24 -0.239946 -0.236033 0.08 0.080004 0.0759641 -0.023661 0.0243063 0.142241 -0.146749
1.73 -0.24 -0.239947 -0.236262 0.08 0.0800031 0.0762 -0.0222801 0.0228818 0.133939 -0.138147
1.74 -0.24 -0.239949 -0.236478 0.08 0.0800022 0.076422 -0.0209798 0.0215408 0.126121 -0.13005
1.75 -0.24 -0.23995 -0.236682 0.08 0.0800014 0.076631 -0.0197554 0.0202784 0.11876 -0.122428
1.76 -0.24 -0.239951 -0.236874 0.08 0.0800006 0.0768278 -0.0186025 0.01909 0.111828 -0.115252
1.77 -0.24 -0.239952 -0.237054 0.08 0.0799999 0.0770131 -0.0175169 0.0179713 0.105301 -0.108497
1.78 -0.24 -0.239953 -0.237224 0.08 0.0799992 0.0771875 -0.0164946 0.0169181 0.099155 -0.102138
1.79 -0.24 -0.239953 -0.237384 0.08 0.0799986 0.0773516 -0.015532 0.0159266 0.0933678 -0.096152
1.8 -0.24 -0.239954 -0.237535 0.08 0.079998 0.0775062 -0.0146255 0.0149933 0.0879183 -0.0905166
1.81 -0.24 -0.239955 -0.237677 0.08 0.0799975 0.0776517 -0.013772 0.0141146 0.082787 -0.0852115
1.82 -0.24 -0.239956 -0.237811 0.08 0.079997 0.0777887 -0.0129683 0.0132875 0.0779551 -0.0802174
1.83 -0.24 -0.239956 -0.237937 0.08 0.0799965 0.0779176 -0.0122115 0.0125088 0.0734053 -0.075516
1.84 -0.24 -0.239957 -0.238055 0.08 0.079996 0.078039 -0.0114989 0.0117758 0.0691211 -0.0710902
1.85 -0.24 -0.239958 -0.238167 0.08 0.0799956 0.0781533 -0.0108278 0.0110857 0.065087 -0.0669238
1.86 -0.24 -0.239958 -0.238272 0.08 0.0799952 0.0782608 -0.0101959 0.0104361 0.0612883 -0.0630016
1.87 -0.24 -0.239959 -0.238371 0.08 0.0799948 0.0783621 -0.00960094 0.00982455 0.0577113 -0.0593093
1.88 -0.24 -0.239959 -0.238464 0.08 0.0799945 0.0784574 -0.00904067 0.00924884 0.0543432 -0.0558334
1.89 -0.24 -0.23996 -0.238552 0.08 0.0799941 0.0785472 -0.0085131 0.00870687 0.0511716 -0.0525612
1.9 -0.24 -0.23996 -0.238634 0.08 0.0799938 0.0786317 -0.00801631 0.00819666 0.0481851 -0.0494809
1.91 -0.24 -0.239961 -0.238712 0.08 0.0799936 0.0787112 -0.00754852 0.00771635 0.045373 -0.046581
1.92 -0.24 -0.239961 -0.238785 0.08 0.0799933 0.0787861 -0.00710803 0.00726419 0.042725 -0.0438512
1.93 -0.24 -0.239961 -0.238854 0.08 0.079993 0.0788566 -0.00669294 0.00683842 0.0402929 -0.0413018
1.94 -0.24 -0.239963 -0.238919 0.08 0.0799934 0.078923 -0.00630143 0.00643739 0.0380095 -0.038904
1.95 -0.24 -0.239965 -0.23898 0.08 0.0799937 0.0789854 -0.00593208 0.00605964 0.0358605 -0.0366472
1.96 -0.24 -0.239967 -0.239038 0.08 0.0799941 0.0790442 -0.00558359 0.00570379 0.0338377 -0.0345229
1.97 -0.24 -0.239969 -0.239092 0.08 0.0799944 0.0790996 -0.00525473 0.00536855 0.031934 -0.0325235
1.98 -0.24 -0.239971 -0.239143 0.08 0.0799947 0.0791517 -0.00494435 0.00505273 0.0301425 -0.0306416
1.99 -0.24 -0.239973 -0.239191 0.08 0.079995 0.0792007 -0.00465135 0.00475517 0.0284572 -0.0288706
2 -0.24 -0.239974 -0.239236 0.08 0.0799953 0.0792468 -0.00437471 0.00447479 0.0268719 -0.0272039
2.01 -0.24 -0.239976 -0.239279 0.08 0.0799956 0.0792902 -0.00411344 0.0042106 0.0253812 -0.0256356
2.02 -0.24 -0.239977 -0.239319 0.08 0.0799958 0.0793311 -0.00386664 0.00396162 0.0239798 -0.02416
2.03 -0.24 -0.239979 -0.239356 0.08 0.079996 0.0793695 -0.00363342 0.00372696 0.0226628 -0.0227717
2.04 -0.24 -0.23998 -0.239391 0.08 0.0799963 0.0794057 -0.00341298 0.00350577 0.0214256 -0.0214658
2.05 -0.24 -0.239981 -0.239424 0.08 0.0799965 0.0794397 -0.00320453 0.00329726 0.0202638 -0.0202374
2.06 -0.24 -0.239982 -0.239455 0.08 0.0799967 0.0794717 -0.00300735 0.00310066 0.0191733 -0.0190823
2.07 -0.24 -0.239983 -0.239485 0.08 0.0799969 0.0795017 -0.00282073 0.00291527 0.0181503 -0.0179961
2.08 -0.24 -0.239984 -0.239512 0.08 0.079997 0.07953 -0.00264402 0.00274041 0.0171913 -0.016975
2.09 -0.24 -0.239985 -0.239537 0.08 0.0799972 0.0795566 -0.0024766 0.00257546 0.0162928 -0.0160153
2.1 -0.24 -0.239986 -0.239561 0.08 0.0799974 0.0795815 -0.00231788 0.00241982 0.0154517 -0.0151134
2.11 -0.24 -0.239987 -0.239584 0.08 0.0799975 0.079605 -0.0021673 0.00227292 0.014665 -0.0142663
2.12 -0.24 -0.239988 -0.239605 0.08 0.0799976 0.079627 -0.00202432 0.00213423 0.01393 -0.0134707
2.13 -0.24 -0.239988 -0.239624 0.08 0.0799978 0.0796477 -0.00188845 0.00200326 0.0132442 -0.0127237
2.14 -0.24 -0.239989 -0.239643 0.08 0.0799979 0.0796671 -0.0017592 0.00187953 0.012605 -0.0120228
2.15 -0.24 -0.23999 -0.23966 0.08 0.079998 0.0796853 -0.00163613 0.00176259 0.0120103 -0.0113654
2.16 -0.24 -0.23999 -0.239675 0.08 0.0799981 0.0797024 -0.00151879 0.00165202 0.011458 -0.0107491
2.17 -0.24 -0.239991 -0.23969 0.08 0.0799982 0.0797184 -0.00140676 0.00154741 0.0109462 -0.0101716
2.18 -0.24 -0.239991 -0.239704 0.08 0.0799983 0.0797334 -0.00129967 0.0014484 0.010473 -0.00963088
2.19 -0.24 -0.239992 -0.239716 0.08 0.0799984 0.0797474 -0.00119712 0.00135462 0.0100368 -0.009125
2.2 -0.24 -0.239992 -0.239727 0.08 0.0799985 0.0797605 -0.00109875 0.00126574 0.00963608 -0.00865212
2.21 -0.24 -0.239993 -0.239738 0.08 0.0799986 0.0797727 -0.00100423 0.00118142 0.00926944 -0.00821051
2.22 -0.24 -0.239993 -0.239748 0.08 0.0799987 0.0797841 -0.000913202 0.00110138 0.00893561 -0.00779859
2.23 -0.24 -0.239993 -0.239756 0.08 0.0799987 0.0797947 -0.000825357 0.00102531 0.00863342 -0.00741488
2.24 -0.24 -0.239994 -0.239764 0.08 0.0799988 0.0798046 -0.000740381 0.000952945 0.00836182 -0.00705798
2.25 -0.24 -0.239994 -0.239771 0.08 0.0799989 0.0798138 -0.000657972 0.000884022 0.00811988 -0.0067266
2.26 -0.24 -0.239995 -0.239777 0.08 0.0799989 0.0798223 -0.000577839 0.000818291 0.00790674 -0.00641954
2.27 -0.24 -0.239995 -0.239783 0.08 0.079999 0.0798302 -0.000499697 0.000755515 0.00772169 -0.00613571
2.28 -0.24 -0.239995 -0.239787 0.08 0.0799991 0.0798374 -0.000423268 0.000695466 0.00756408 -0.00587406
2.29 -0.24 -0.239995 -0.239791 0.08 0.0799991 0.0798441 -0.000348281 0.000637928 0.00743338 -0.00563366
2.3 -0.24 -0.239996 -0.239794 0.08 0.0799992 0.0798502 -0.000274468 0.000582691 0.00732915 -0.00541365
2.31 -0.24 -0.239996 -0.239797 0.08 0.0799992 0.0798558 -0.000201567 0.000529557 0.00725103 -0.00521321
2.32 -0.24 -0.239996 -0.239798 0.08 0.0799992 0.0798608 -0.000129318 0.000478332 0.00719879 -0.00503164
2.33 -0.24 -0.239996 -0.239799 0.08 0.0799993 0.0798653 -5.74628e-05 0.000428833 0.00717225 -0.00486828
2.34 -0.24 -0.239997 -0.239799 0.08 0.0799993 0.0798694 1.42552e-05 0.000380879 0.00717135 -0.00472253
2.35 -0.24 -0.239997 -0.239799 0.08 0.0799994 0.079873 8.60924e-05 0.000334297 0.0071961 -0.00459388
2.36 -0.24 -0.239997 -0.239798 0.08 0.0799994 0.0798761 0.000158306 0.000288918 0.00724663 -0.00448185
2.37 -0.24 -0.239997 -0.239796 0.08 0.0799994 0.0798787 0.000231155 0.000244579 0.00732313 -0.00438605
2.38 -0.24 -0.239997 -0.239793 0.08 0.0799995 0.079881 0.0003049 0.000201118 0.00742592 -0.00430613
2.39 -0.24 -0.239997 -0.23979 0.08 0.0799995 0.0798828 0.000379807 0.000158378 0.00755537 -0.0042418
2.4 -0.24 -0.239998 -0.239785 0.08 0.0799995 0.0798841 0.000456143 0.000116205 0.00771198 -0.00419284
2.41 -0.24 -0.239998 -0.239781 0.08 0.0799995 0.0798851 0.000534185 7.44453e-05 0.00789634 -0.00415907
2.42 -0.24 -0.239998 -0.239775 0.08 0.0799996 0.0798856 0.000614212 3.29481e-05 0.00810914 -0.00414036
2.43 -0.24 -0.239998 -0.239768 0.08 0.0799996 0.0798857 0.000696514 -8.43698e-06 0.00835116 -0.00413666
2.44 -0.24 -0.239998 -0.239761 0.08 0.0799996 0.0798855 0.000781386 -4.98601e-05 0.0086233 -0.00414795
2.45 -0.24 -0.239998 -0.239753 0.08 0.0799996 0.0798847 0.000869135 -9.14712e-05 0.00892656 -0.00417428
2.46 -0.24 -0.239998 -0.239743 0.08 0.0799996 0.0798836 0.000960078 -0.000133421 0.00926205 -0.00421574
2.47 -0.24 -0.239998 -0.239733 0.08 0.0799997 0.0798821 0.00105454 -0.000175863 0.00963102 -0.0042725
2.48 -0.24 -0.239998 -0.239722 0.08 0.0799997 0.0798801 0.00115287 -0.000218949 0.0100348 -0.00434474
2.49 -0.24 -0.239999 -0.23971 0.08 0.0799997 0.0798777 0.00125542 -0.000262836 0.0104749 -0.00443275
2.5 -0.24 -0.239999 -0.239697 0.08 0.0799997 0.0798748 0.00136256 -0.000307684 0.0109529 -0.00453684
2.51 -0.24 -0.239999 -0.239683 0.08 0.0799997 0.0798715 0.00147468 -0.000353655 0.0114706 -0.0046574
2.52 -0.24 -0.239999 -0.239668 0.08 0.0799997 0.0798678 0.00159218 -0.000400917 0.0120298 -0.00479486
