1.00095
0.0784907 
-18.2986 
67.6476
-117.006
85.7187 
1.00095
0.0784909
-18.2986
67.6476
-117.006
85.7184
1.00095
0.0784907 
-18.2986 
67.6476
-117.006
85.7187 
1.00095
0.0784909
-18.2986
67.6476
-117.006
85.7184
1.000954277
0.078490216
-18.29858372
67.64731602
-117.004961
85.71714892
1.00095
0.0784907
-18.2986
67.6476
-117.006
85.7187
1.000954277
0.078490216
-18.29858372
67.64731602
-117.004961
85.71714892
1.00095
0.0784907
-18.2986
67.6476
-117.006
85.7187
1.000954277
0.078490216
-18.29858372
67.64731602
-117.004961
85.71714892
1.00095
0.0784907
-18.2986
67.6476
-117.006
85.7187
1.000792528
0.110185519
-19.41137766
82.09255844
-196.8393784
246.0010589
1.000792528
0.110185519
-19.41137766
82.09255844
-196.8393784
246.0010589
1.079618597
-1.432506511
-6.561093506
21.28732727
-23.81345498
9.71487368
1.079618597
-1.432506511
-6.561093506
21.28732727
-23.81345498
9.71487368