0.00000150557
9.39E-05
0.0389385
-0.0537971
0.109814
0.04934
-0.00000447877
-0.000996702
-0.172952
0.255042
-0.541707
-0.171364
0.00000683605
0.00210656
0.308368
-0.481904
1.07158
0.165453
0.0000566483
0.00659848
-0.517454
2.77058
-4.50712
4.55405
4.54573E-06
0.002578286
0.2963735
-0.492752143
1.140670714
0.024265179
0.0000566483
0.00659848
-0.517454
2.77058
-4.50712
4.55405
4.58932E-06
0.001761604
0.234488107
-0.370698321
0.828943357
0.113811464
0.0000555978
0.00693576
-0.513661
2.74737
-4.42899
4.47628
-2.2516E-22
-3.581E-20
-4.79369E-18
7.61698E-18
3.18075E-20
-2.06539E-18
0.0000555978
0.00693576
-0.513661
2.74737
-4.42899
4.47628
0
0
0
0
0
0
5.68033E-05
0.009354599
-0.319110648
2.825179693
-6.344316758
10.80424676
0
0
0
0
0
0
-0.022866289
0.284312242
-1.080712981
1.969947393
-1.802537787
0.667591974