0
0
0
0
0
0
0
0
0
0
0
0
0
0
0
0
0
0
0.000113909
0.0351079
5.1395
-8.03195
17.86045
2.75671
1.27229E-05
-0.002620714
0.066635714
0.060257143
-0.383785714
0.784332143
0.000113909
0.0351079
5.1395
-8.03195
17.86045
2.75671
1.23591E-05
0.004185036
0.582346429
-0.956839286
2.213864286
0.038196429
0.000050603
0.0188648
2.53641
-4.04599
9.12168
0.986705
8.88479E-05
0.033544948
4.490487582
- 7.135199341
16.0297956
1.934754945
0.000050603
0.0188648
2.53641
-4.04599
9.12168
0.986705
 0.000343766
0.076905169
13.02902198
- 25.5853022
 69.92306374
 - 29.83588571
 0.000343766
0.076905169
13.02902198
- 25.5853022
 69.92306374
 - 29.83588571
- 0.536945198
7.118750879
- 15.0531747
 18.11159451
 - 12.23722527
3.636932747
- 0.536945198
7.118750879
- 15.05317473
 18.11159451
 - 12.23722527
3.636932747