0.00986713 
0.960351
-5.88016
16.6469
-25.9567
18.0493
0.00986713
0.960352
-5.88016
16.6469
-25.9567
18.0493
0.00986713 
0.960351
-5.88016
16.6469
-25.9567
18.0493
0.00986713
0.960352
-5.88016
16.6469
-25.9567
18.0493
0.00986713
0.960350333
-5.880161404
16.64685105
-25.95670404
18.04929175
0.00986713
0.960352
-5.88016
16.6469
-25.9567
18.0493
0.00986713
0.960350333
-5.880161404
16.64685105
-25.95670404
18.04929175
0.00986713
0.960352
-5.88016
16.6469
-25.9567
18.0493
0.00986713
0.960350333
-5.880161404
16.64685105
-25.95670404
18.04929175
0.00986713
0.960352 
-5.88016
6.6469
-25.9567
18.0493
0.009842334
0.964866596
-6.028117018
18.41986175
-34.89211035
34.23064825
0.009842334
0.964866596
-6.028117018 
18.41986175
-34.89211035
34.23064825
0.02698325
0.634442754
-3.377784333
6.899324035
-6.651343333
2.531252298
0.02698325
0.634442754
-3.377784333
6.899324035
-6.651343333
2.531252298