time(s) ref_x(m) zmp_x(m) cog_x(m) ref_y(m) zmp_y(m) cog_y(m) vel_x(m) vel_y(m) acc_x(m) acc_y(m)
0 0 0 1.15876e-316 0 0 -5.94395e-06 3.47629e-314 -0.00178319 6.95257e-312 -0.356637
0.01 0 -1.91239e-313 8.09829e-316 0 0.00980976 -4.19103e-05 1.03897e-313 -0.00544033 6.87431e-312 -0.374792
0.02 0 -1.88391e-313 2.18001e-315 0 0.0102735 -0.0001148 1.68887e-313 -0.00911224 6.12372e-312 -0.359588
0.03 0 -1.66363e-313 4.16247e-315 0 0.00978212 -0.000223628 2.26345e-313 -0.012626 5.36786e-312 -0.343169
0.04 0 -1.43577e-313 6.68272e-315 0 0.00922138 -0.000366807 2.76545e-313 -0.0159859 4.67213e-312 -0.328814
0.05 0 -1.21908e-313 9.67122e-315 0 0.00868312 -0.000542906 3.20099e-313 -0.0192138 4.03868e-312 -0.316761
0.06 0 -1.01485e-313 1.30646e-314 0 0.00817529 -0.000750719 3.57609e-313 -0.0223323 3.46329e-312 -0.306937
0.07 0 -8.22553e-314 1.68051e-314 0 0.0076971 -0.000989261 3.89633e-313 -0.0253632 2.9414e-312 -0.299248
0.08 0 -6.41509e-314 2.08406e-314 0 0.00724692 -0.00125776 4.16683e-313 -0.0283275 2.46874e-312 -0.293606
0.09 0 -4.71063e-314 2.51238e-314 0 0.00682313 -0.00155566 4.39234e-313 -0.0312452 2.04133e-312 -0.289934
0.1 0 -3.10595e-314 2.96118e-314 0 0.00642419 -0.00188257 4.57718e-313 -0.0341357 1.65548e-312 -0.288167
0.11 0 -1.5952e-314 3.42659e-314 0 0.00604863 -0.00223834 4.72534e-313 -0.0370178 1.30781e-312 -0.288248
0.12 0 -1.72893e-315 3.90514e-314 0 0.0056951 -0.00262296 4.84049e-313 -0.0399097 9.95165e-313 -0.290132
0.13 0 1.16616e-314 4.3937e-314 0 0.00536231 -0.00303663 4.92598e-313 -0.0428292 7.14632e-313 -0.293779
0.14 0 2.42682e-314 4.88945e-314 0 0.00504904 -0.0034797 4.98489e-313 -0.045794 4.63526e-313 -0.299164
0.15 0 3.61369e-314 5.38989e-314 0 0.00475417 -0.00395271 5.02003e-313 -0.0488211 2.39363e-313 -0.306265
0.16 0 4.73109e-314 5.89275e-314 0 0.0044766 -0.00445639 5.03399e-313 -0.0519278 3.98499e-314 -0.315073
0.17 0 5.78308e-314 6.39606e-314 0 0.00421535 -0.00499159 5.02913e-313 -0.0551311 -1.37131e-313 -0.325584
0.18 0 6.77348e-314 6.89802e-314 0 0.00396945 -0.00555939 5.0076e-313 -0.058448 -2.93534e-313 -0.337805
0.19 0 7.70592e-314 7.39709e-314 0 0.00373801 -0.00616099 4.97136e-313 -0.0618958 -4.31162e-313 -0.351749
0.2 0 8.58377e-314 7.89187e-314 0 0.00352018 -0.0067978 4.92222e-313 -0.0654917 -5.51676e-313 -0.367438
0.21 0 9.41024e-314 8.38115e-314 0 0.00331519 -0.00747138 4.86181e-313 -0.0692534 -6.56608e-313 -0.384903
0.22 0 1.01883e-313 8.8639e-314 0 0.00312228 -0.00818348 4.79161e-313 -0.0731989 -7.47369e-313 -0.40418
0.23 0 1.09209e-313 9.33919e-314 0 0.00294074 -0.00893603 4.71297e-313 -0.0773463 -8.25259e-313 -0.425316
0.24 0 1.16105e-313 9.80626e-314 0 0.00276993 -0.00973114 4.62714e-313 -0.0817148 -8.91472e-313 -0.448366
0.25 0 1.22598e-313 1.02644e-313 0 0.00260922 -0.0105711 4.53521e-313 -0.0863235 -9.4711e-313 -0.473392
0.26 0 1.28711e-313 1.07131e-313 0 0.00245803 -0.0114585 4.43819e-313 -0.0911928 -9.93183e-313 -0.500465
0.27 0 1.34467e-313 1.11519e-313 0 0.0023158 -0.0123959 4.337e-313 -0.0963435 -1.03062e-312 -0.529665
0.28 0 1.39885e-313 1.15804e-313 0 0.00218202 -0.0133864 4.23246e-313 -0.101797 -1.06027e-312 -0.561078
0.29 0 1.44986e-313 1.19983e-313 0 0.00205615 -0.0144329 4.1253e-313 -0.107577 -1.08293e-312 -0.594786
0.3 0 1.49789e-313 1.24054e-313 0 0.00193731 -0.0155391 4.01619e-313 -0.113704 -1.0993e-312 -0.630749
0.31 0 1.5431e-313 1.28015e-313 0 0.00182102 -0.0167082 3.90572e-313 -0.120196 -1.11005e-312 -0.667691
0.32 0 1.58567e-313 1.31865e-313 0 0.00166857 -0.017944 3.79443e-313 -0.126998 -1.11577e-312 -0.692564
0.33 0 1.62575e-313 1.35604e-313 0 0.0011174 -0.0192468 3.68279e-313 -0.133365 -1.11703e-312 -0.580984
0.34 0 1.66348e-313 1.39231e-313 0 -0.00325637 -0.0205857 3.57122e-313 -0.13205 -1.11431e-312 0.844007
0.35 0 1.699e-313 1.42747e-313 -0.05 -0.0438153 -0.0218621 3.4601e-313 -0.123049 -1.10809e-312 0.956157
0.36 0 1.73244e-313 1.46151e-313 -0.05 -0.0481784 -0.0230452 3.34976e-313 -0.113607 -1.09878e-312 0.932423
0.37 0 1.76393e-313 1.49446e-313 -0.05 -0.0487082 -0.0241353 3.24048e-313 -0.104459 -1.08677e-312 0.897192
0.38 0 1.79357e-313 1.52633e-313 -0.05 -0.0488286 -0.0251355 3.13252e-313 -0.095655 -1.0724e-312 0.863512
0.39 0 1.82148e-313 1.55712e-313 -0.05 -0.0489019 -0.0260494 3.0261e-313 -0.0871741 -1.05599e-312 0.832663
0.4 0 1.84776e-313 1.58686e-313 -0.05 -0.0489668 -0.02688 2.92141e-313 -0.0789874 -1.03782e-312 0.804689
0.41 0 1.8725e-313 1.61555e-313 -0.05 -0.0490274 -0.0276301 2.81861e-313 -0.0710663 -1.01817e-312 0.779511
0.42 0 1.89578e-313 1.64323e-313 -0.05 -0.0490845 -0.0283021 2.71784e-313 -0.0633836 -9.97266e-313 0.757047
0.43 0 1.91771e-313 1.66992e-313 -0.05 -0.0491383 -0.0288984 2.61921e-313 -0.0559122 -9.7532e-313 0.737223
0.44 0 1.93835e-313 1.69563e-313 -0.05 -0.049189 -0.029421 2.52282e-313 -0.0486262 -9.52528e-313 0.719973
0.45 0 1.95779e-313 1.72038e-313 -0.05 -0.0492368 -0.0298715 2.42874e-313 -0.0415002 -9.29063e-313 0.705241
0.46 0 1.97609e-313 1.74421e-313 -0.05 -0.0492818 -0.0302514 2.33703e-313 -0.0345091 -9.05083e-313 0.692978
0.47 0 1.99331e-313 1.76713e-313 -0.05 -0.0493242 -0.030562 2.24774e-313 -0.0276284 -8.80729e-313 0.683147
0.48 0 2.00953e-313 1.78917e-313 -0.05 -0.0493643 -0.0308043 2.1609e-313 -0.0208341 -8.56125e-313 0.675717
0.49 0 2.0248e-313 1.81036e-313 -0.05 -0.049402 -0.0309789 2.07652e-313 -0.0141022 -8.31385e-313 0.670665
0.5 0 2.03918e-313 1.83071e-313 -0.05 -0.0494376 -0.0310865 1.99462e-313 -0.00740897 -8.06609e-313 0.667979
0.51 0 2.05271e-313 1.85026e-313 -0.05 -0.0494712 -0.0311272 1.9152e-313 -0.000730822 -7.81886e-313 0.667652
0.52 0 2.06546e-313 1.86902e-313 -0.05 -0.0495029 -0.0311011 1.83824e-313 0.00595587 -7.57294e-313 0.669687
0.53 0 2.07745e-313 1.88703e-313 -0.05 -0.0495328 -0.0310079 1.76373e-313 0.0126748 -7.32904e-313 0.674097
0.54 0 2.08875e-313 1.90431e-313 -0.05 -0.0495611 -0.0308474 1.69165e-313 0.0194498 -7.08774e-313 0.680901
0.55 0 2.09938e-313 1.92087e-313 -0.05 -0.0495878 -0.0306187 1.62196e-313 0.0263049 -6.8496e-313 0.690126
0.56 0 2.10939e-313 1.93675e-313 -0.05 -0.049613 -0.0303209 1.55464e-313 0.0332646 -6.61505e-313 0.701811
0.57 0 2.11882e-313 1.95197e-313 -0.05 -0.0496368 -0.029953 1.48964e-313 0.0403537 -6.3845e-313 0.716
0.58 0 2.12769e-313 1.96655e-313 -0.05 -0.0496594 -0.0295133 1.42693e-313 0.0475974 -6.15828e-313 0.732749
0.59 0 2.13605e-313 1.98052e-313 -0.05 -0.0496807 -0.0290004 1.36645e-313 0.0550217 -5.93668e-313 0.75212
0.6 0 2.14391e-313 1.99389e-313 -0.05 -0.049701 -0.0284122 1.30817e-313 0.0626533 -5.71992e-313 0.774187
0.61 0 2.15132e-313 2.00669e-313 -0.05 -0.0497201 -0.0277466 1.25203e-313 0.0705194 -5.5082e-313 0.799034
0.62 0 2.15829e-313 2.01894e-313 -0.05 -0.0497383 -0.027001 1.19798e-313 0.0786483 -5.30168e-313 0.82675
0.63 0 2.16485e-313 2.03065e-313 -0.05 -0.0497555 -0.0261726 1.14597e-313 0.0870692 -5.10047e-313 0.857423
0.64 0 2.17103e-313 2.04186e-313 -0.05 -0.0497714 -0.0252585 1.09594e-313 0.0958114 -4.90465e-313 0.89102
0.65 0 2.17685e-313 2.05258e-313 -0.05 -0.049782 -0.0242552 1.04785e-313 0.104898 -4.71429e-313 0.926273
0.66 0 2.18233e-313 2.06283e-313 -0.05 -0.049749 -0.0231596 1.00163e-313 0.11428 -4.52941e-313 0.950144
0.67 0 2.18749e-313 2.07262e-313 -0.05 -0.0493103 -0.0219711 9.57231e-314 0.123222 -4.35002e-313 0.838259
0.68 0 2.19234e-313 2.08198e-313 -0.05 -0.0450424 -0.0207207 9.146e-314 0.124482 -4.17613e-313 -0.586327
0.69 0 2.19692e-313 2.09092e-313 0 -0.00458328 -0.0195071 8.73681e-314 0.118063 -4.00768e-313 -0.697345
0.7 0 2.20122e-313 2.09946e-313 0 -0.000314081 -0.0183609 8.3442e-314 0.111218 -3.84466e-313 -0.671738
0.71 0 2.20527e-313 2.10761e-313 0 0.000127315 -0.0172817 7.96761e-314 0.10469 -3.68699e-313 -0.633873
0.72 0 2.20909e-313 2.1154e-313 0 0.000164389 -0.0162658 7.60653e-314 0.0985365 -3.53461e-313 -0.596779
0.73 0 2.21268e-313 2.12283e-313 0 0.000159266 -0.0153097 7.26043e-314 0.0927441 -3.38744e-313 -0.561711
0.74 0 2.21606e-313 2.12992e-313 0 0.000150222 -0.0144098 6.92879e-314 0.0872921 -3.24538e-313 -0.52869
0.75 0 2.21924e-313 2.13669e-313 0 0.000141271 -0.0135628 6.6111e-314 0.0821606 -3.10836e-313 -0.497608
0.76 0 2.22224e-313 2.14315e-313 0 0.00013281 -0.0127656 6.30687e-314 0.0773308 -2.97626e-313 -0.468353
0.77 0 2.22506e-313 2.14931e-313 0 0.000124851 -0.0120153 6.01561e-314 0.0727849 -2.84898e-313 -0.440819
0.78 0 2.22772e-313 2.15518e-313 0 0.000117368 -0.011309 5.73684e-314 0.0685063 -2.7264e-313 -0.414903
0.79 0 2.23022e-313 2.16079e-313 0 0.000110333 -0.0106443 5.4701e-314 0.0644792 -2.60841e-313 -0.390511
0.8 0 2.23258e-313 2.16613e-313 0 0.000103719 -0.0100186 5.21494e-314 0.0606889 -2.4949e-313 -0.367553
0.81 0 2.23479e-313 2.17122e-313 0 9.75022e-05 -0.00942977 4.9709e-314 0.0571214 -2.38574e-313 -0.345945
0.82 0 2.23688e-313 2.17607e-313 0 9.16575e-05 -0.00887551 4.73758e-314 0.0537637 -2.28082e-313 -0.325608
0.83 0 2.23885e-313 2.1807e-313 0 8.6163e-05 -0.00835384 4.51453e-314 0.0506033 -2.18e-313 -0.306466
0.84 0 2.2407e-313 2.18511e-313 0 8.09978e-05 -0.00786283 4.30138e-314 0.0476287 -2.08317e-313 -0.288449
0.85 0 2.24244e-313 2.1893e-313 0 7.61421e-05 -0.00740068 4.09771e-314 0.044829 -1.99022e-313 -0.271492
0.86 0 2.24408e-313 2.1933e-313 0 7.15773e-05 -0.0069657 3.90315e-314 0.0421939 -1.901e-313 -0.255532
0.87 0 2.24563e-313 2.19711e-313 0 6.7286e-05 -0.00655629 3.71732e-314 0.0397137 -1.81542e-313 -0.24051
0.88 0 2.24708e-313 2.20074e-313 0 6.32519e-05 -0.00617094 3.53989e-314 0.0373793 -1.73334e-313 -0.226371
0.89 0 2.24845e-313 2.2042e-313 0 5.94596e-05 -0.00580824 3.37049e-314 0.0351821 -1.65465e-313 -0.213064
0.9 0 2.24974e-313 2.20749e-313 0 5.58945e-05 -0.00546687 3.20879e-314 0.0331141 -1.57924e-313 -0.200539
0.91 0 2.25095e-313 2.21062e-313 0 5.25431e-05 -0.00514556 3.05448e-314 0.0311677 -1.50698e-313 -0.18875
0.92 0 2.25209e-313 2.2136e-313 0 4.93925e-05 -0.00484313 2.90724e-314 0.0293356 -1.43778e-313 -0.177654
0.93 0 2.25317e-313 2.21643e-313 0 4.64308e-05 -0.00455848 2.76678e-314 0.0276113 -1.37152e-313 -0.167211
0.94 0 2.25418e-313 2.21913e-313 0 4.36466e-05 -0.00429057 2.6328e-314 0.0259883 -1.30808e-313 -0.157381
0.95 0 2.25513e-313 2.2217e-313 0 4.10292e-05 -0.0040384 2.50503e-314 0.0244608 -1.24738e-313 -0.14813
0.96 0 2.25603e-313 2.22414e-313 0 3.85688e-05 -0.00380105 2.38319e-314 0.023023 -1.1893e-313 -0.139422
0.97 0 2.25688e-313 2.22647e-313 0 3.62558e-05 -0.00357766 2.26704e-314 0.0216698 -1.13375e-313 -0.131226
0.98 0 2.25767e-313 2.22868e-313 0 3.40814e-05 -0.00336739 2.15632e-314 0.0203961 -1.08062e-313 -0.123513
0.99 0 2.25842e-313 2.23078e-313 0 3.20374e-05 -0.00316948 2.0508e-314 0.0191973 -1.02983e-313 -0.116252
1 0 2.25913e-313 2.23278e-313 0 3.01159e-05 -0.00298321 1.95024e-314 0.0180689 -9.81289e-314 -0.109419
1.01 0 2.25979e-313 2.23469e-313 0 2.83097e-05 -0.00280789 1.85443e-314 0.0170069 -9.349e-314 -0.102987
1.02 0 2.26042e-313 2.23649e-313 0 2.66116e-05 -0.00264286 1.76316e-314 0.0160073 -8.9058e-314 -0.096933
1.03 0 2.26101e-313 2.23821e-313 0 2.50154e-05 -0.00248754 1.67622e-314 0.0150665 -8.48246e-314 -0.0912351
1.04 0 2.26156e-313 2.23985e-313 0 2.35149e-05 -0.00234135 1.59341e-314 0.0141809 -8.07817e-314 -0.0858722
1.05 0 2.26208e-313 2.2414e-313 0 2.21044e-05 -0.00220375 1.51456e-314 0.0133474 -7.69216e-314 -0.0808246
1.06 0 2.26257e-313 2.24288e-313 0 2.07784e-05 -0.00207424 1.43948e-314 0.0125629 -7.32366e-314 -0.0760737
1.07 0 2.26303e-313 2.24428e-313 0 1.95319e-05 -0.00195234 1.36801e-314 0.0118246 -6.97195e-314 -0.0716021
1.08 0 2.26347e-313 2.24562e-313 0 1.83602e-05 -0.0018376 1.29996e-314 0.0111296 -6.63633e-314 -0.0673933
1.09 0 2.26388e-313 2.24688e-313 0 1.72587e-05 -0.00172961 1.2352e-314 0.0104755 -6.31611e-314 -0.063432
1.1 0 2.26427e-313 2.24809e-313 0 1.62233e-05 -0.00162797 1.17357e-314 0.00985978 -6.01065e-314 -0.0597035
1.11 0 2.26463e-313 2.24923e-313 0 1.52499e-05 -0.0015323 1.11492e-314 0.00928029 -5.71931e-314 -0.0561942
1.12 0 2.26497e-313 2.25032e-313 0 1.4335e-05 -0.00144225 1.05911e-314 0.00873486 -5.44149e-314 -0.0528912
1.13 0 2.26529e-313 2.25135e-313 0 1.34749e-05 -0.00135749 1.00602e-314 0.0082215 -5.1766e-314 -0.0497824
1.14 0 2.2656e-313 2.25233e-313 0 1.26663e-05 -0.00127772 9.5552e-315 0.0077383 -4.92408e-314 -0.0468563
1.15 0 2.26588e-313 2.25326e-313 0 1.19063e-05 -0.00120263 9.07483e-315 0.00728351 -4.68339e-314 -0.0441022
1.16 0 2.26615e-313 2.25415e-313 0 1.11919e-05 -0.00113196 8.61796e-315 0.00685545 -4.45401e-314 -0.04151
1.17 0 2.2664e-313 2.25499e-313 0 1.05203e-05 -0.00106544 8.18349e-315 0.00645255 -4.23543e-314 -0.0390702
1.18 0 2.26664e-313 2.25578e-313 0 9.88894e-06 -0.00100283 7.77036e-315 0.00607333 -4.02719e-314 -0.0367738
1.19 0 2.26687e-313 2.25654e-313 0 9.29549e-06 -0.000943897 7.37756e-315 0.0057164 -3.82882e-314 -0.0346124
1.2 0 2.26708e-313 2.25726e-313 0 8.73763e-06 -0.000888429 7.00412e-315 0.00538044 -3.63988e-314 -0.032578
1.21 0 2.26728e-313 2.25794e-313 0 8.21323e-06 -0.000836222 6.64913e-315 0.00506424 -3.45993e-314 -0.0306632
1.22 0 2.26746e-313 2.25859e-313 0 7.72029e-06 -0.000787083 6.3117e-315 0.00476662 -3.28859e-314 -0.028861
1.23 0 2.26764e-313 2.2592e-313 0 7.25692e-06 -0.000740831 5.991e-315 0.00448649 -3.12545e-314 -0.0271647
1.24 0 2.26781e-313 2.25979e-313 0 6.82135e-06 -0.000697298 5.68622e-315 0.00422282 -2.97014e-314 -0.0255681
1.25 0 2.26796e-313 2.26034e-313 0 6.41191e-06 -0.000656323 5.3966e-315 0.00397466 -2.82231e-314 -0.0240654
1.26 0 2.26811e-313 2.26087e-313 0 6.02703e-06 -0.000617756 5.1214e-315 0.00374108 -2.68161e-314 -0.022651
1.27 0 2.26825e-313 2.26137e-313 0 5.66524e-06 -0.000581456 4.85994e-315 0.00352122 -2.54772e-314 -0.0213197
1.28 0 2.26838e-313 2.26184e-313 0 5.32516e-06 -0.000547289 4.61154e-315 0.00331429 -2.42031e-314 -0.0200667
1.29 0 2.2685e-313 2.26229e-313 0 5.00548e-06 -0.00051513 4.37557e-315 0.00311952 -2.29909e-314 -0.0188873
1.3 0 2.26862e-313 2.26272e-313 0 4.70498e-06 -0.00048486 4.15142e-315 0.0029362 -2.18377e-314 -0.0177773
1.31 0 2.26873e-313 2.26312e-313 0 4.42252e-06 -0.00045637 3.93853e-315 0.00276365 -2.07408e-314 -0.0167325
1.32 0 2.26883e-313 2.2635e-313 0 4.157e-06 -0.000429553 3.73634e-315 0.00260124 -1.96974e-314 -0.0157491
1.33 0 2.26893e-313 2.26387e-313 0 3.90741e-06 -0.000404313 3.54433e-315 0.00244838 -1.87052e-314 -0.0148235
1.34 0 2.26902e-313 2.26421e-313 0 3.6728e-06 -0.000380556 3.36199e-315 0.0023045 -1.77616e-314 -0.0139523
1.35 0 2.2691e-313 2.26454e-313 0 3.45227e-06 -0.000358195 3.18886e-315 0.00216908 -1.68644e-314 -0.0131323
1.36 0 2.26918e-313 2.26485e-313 0 3.24498e-06 -0.000337148 3.02448e-315 0.00204161 -1.60114e-314 -0.0123605
1.37 0 2.26926e-313 2.26515e-313 0 3.05013e-06 -0.000317338 2.86842e-315 0.00192164 -1.52005e-314 -0.0116341
1.38 0 2.26933e-313 2.26543e-313 0 2.86697e-06 -0.000298692 2.72027e-315 0.00180872 -1.44297e-314 -0.0109504
1.39 0 2.2694e-313 2.26569e-313 0 2.6948e-06 -0.000281141 2.57964e-315 0.00170243 -1.3697e-314 -0.0103068
1.4 0 2.26946e-313 2.26594e-313 0 2.53296e-06 -0.000264622 2.44615e-315 0.00160239 -1.30007e-314 -0.00970111
1.41 0 2.26952e-313 2.26618e-313 0 2.38084e-06 -0.000249074 2.31945e-315 0.00150823 -1.2339e-314 -0.00913099
1.42 0 2.26958e-313 2.26641e-313 0 2.23785e-06 -0.000234439 2.19921e-315 0.0014196 -1.17102e-314 -0.00859438
1.43 0 2.26963e-313 2.26662e-313 0 2.10345e-06 -0.000220665 2.08509e-315 0.00133618 -1.11127e-314 -0.00808931
1.44 0 2.26968e-313 2.26682e-313 0 1.97711e-06 -0.000207699 1.9768e-315 0.00125767 -1.05451e-314 -0.00761393
1.45 0 2.26973e-313 2.26702e-313 0 1.85836e-06 -0.000195496 1.87405e-315 0.00118377 -1.00059e-314 -0.00716648
1.46 0 2.26977e-313 2.2672e-313 0 1.74673e-06 -0.000184009 1.77655e-315 0.00111421 -9.49362e-315 -0.00674533
1.47 0 2.26981e-313 2.26737e-313 0 1.64181e-06 -0.000173198 1.68405e-315 0.00104874 -9.00707e-315 -0.00634893
1.48 0 2.26985e-313 2.26754e-313 0 1.54318e-06 -0.000163022 1.59629e-315 0.000987111 -8.54496e-315 -0.00597583
1.49 0 2.26989e-313 2.26769e-313 0 1.45048e-06 -0.000153444 1.51303e-315 0.000929109 -8.1061e-315 -0.00562466
1.5 0 2.26992e-313 2.26784e-313 0 1.36334e-06 -0.000144428 1.43406e-315 0.000874515 -7.68933e-315 -0.00529412
1.51 0 2.26995e-313 2.26798e-313 0 1.28143e-06 -0.000135943 1.35914e-315 0.000823129 -7.29359e-315 -0.00498301
1.52 0 2.26998e-313 2.26811e-313 0 1.20444e-06 -0.000127956 1.28808e-315 0.000774763 -6.91784e-315 -0.00469019
1.53 0 2.27001e-313 2.26824e-313 0 1.13208e-06 -0.000120438 1.22069e-315 0.00072924 -6.56109e-315 -0.00441457
1.54 0 2.27004e-313 2.26835e-313 0 1.06406e-06 -0.000113362 1.15677e-315 0.000686391 -6.2224e-315 -0.00415516
1.55 0 2.27007e-313 2.26847e-313 0 1.00012e-06 -0.000106702 1.09616e-315 0.00064606 -5.90089e-315 -0.00391099
1.56 0 2.27009e-313 2.26857e-313 0 9.40029e-07 -0.000100433 1.03867e-315 0.000608099 -5.5957e-315 -0.00368116
1.57 0 2.27011e-313 2.26867e-313 0 8.83542e-07 -9.45324e-05 9.84164e-316 0.000572369 -5.30603e-315 -0.00346485
1.58 0 2.27013e-313 2.26877e-313 0 8.30447e-07 -8.89785e-05 9.32478e-316 0.000538739 -5.03109e-315 -0.00326125
1.59 0 2.27016e-313 2.26886e-313 0 7.80541e-07 -8.3751e-05 8.83472e-316 0.000507085 -4.77017e-315 -0.00306961
1.6 0 2.27017e-313 2.26895e-313 0 7.33633e-07 -7.88306e-05 8.37008e-316 0.00047729 -4.52256e-315 -0.00288923
1.61 0 2.27019e-313 2.26903e-313 0 6.89542e-07 -7.41994e-05 7.92957e-316 0.000449247 -4.28759e-315 -0.00271946
1.62 0 2.27021e-313 2.26911e-313 0 6.481e-07 -6.98402e-05 7.51196e-316 0.000422851 -4.06464e-315 -0.00255966
1.63 0 2.27022e-313 2.26918e-313 0 6.09146e-07 -6.57372e-05 7.11607e-316 0.000398007 -3.8531e-315 -0.00240925
1.64 0 2.27024e-313 2.26925e-313 0 5.72533e-07 -6.18752e-05 6.7408e-316 0.000374622 -3.6524e-315 -0.00226768
1.65 0 2.27025e-313 2.26931e-313 0 5.38119e-07 -5.82401e-05 6.38508e-316 0.000352612 -3.462e-315 -0.00213443
1.66 0 2.27027e-313 2.26938e-313 0 5.05772e-07 -5.48187e-05 6.04791e-316 0.000331894 -3.28137e-315 -0.00200902
1.67 0 2.27028e-313 2.26943e-313 0 4.75369e-07 -5.15982e-05 5.72834e-316 0.000312394 -3.11003e-315 -0.00189097
